0.0615545
0.0496435
0.0497274
0.0498425
0.0500298
0.0498266
0.0497458
0.0498234
0.0498577
0.0498438
0.0498343
0.0498973
0.0497686
0.0499336
0.0498808
0.049815
0.0634729
0.0758067
0.0500836
0.0498675
0.049781
0.0497329
0.0497884
0.0496595
0.0499047
0.0497004
0.04993
0.0496596
0.049814
0.0496318
0.0498628
0.0498135
0.0498026
0.0497238
0.0497256
0.0496389
0.0497922
0.0498246
0.0497409
0.0497885
0.0498336
0.0497813
0.0496914
0.0498231
0.0497557
0.0500389
0.0509617
0.0498074
0.0515531
0.0499907
0.053784
0.0532652
0.0499951
0.0497805
0.0496639
0.0497775
0.0497519
0.049807
0.0775326
0.0642277
0.0497274
0.0498474
0.0497412
0.0497761
0.0497349
0.049752
0.049716
0.0496903
0.049749
0.0496802
0.0497515
0.0496939
0.0497822
0.0497248
0.0497898
0.0496244
0.049829
0.0497261
0.0497337
0.0497784
0.0495325
0.0498605
0.049751
0.0497408
0.0498707
0.0497053
0.0498078
0.0496311
0.0497712
0.0497919
0.0497269
0.0497423
0.0496953
0.0498613
0.0844694
0.0786247
0.05077
0.0498219
0.0496165
0.049665
0.0498588
0.0497408
0.0497347
0.0497107
0.0497503
0.0497323
0.0496961
0.0498792
0.0498337
0.0496922
0.04975
0.049819
0.0503388
0.050531
0.0507967
0.0509738
0.0510573
0.0512149
0.231051
0.0521511
0.0519709
0.0519579
0.0520775
0.0519784
0.05198
0.0519717
0.0520057
0.0518875
0.052075
0.0519826
0.0520512
0.0520008
0.0520814
0.0520769
0.0521093
0.0519489
0.0520284
0.0519503
0.0521873
0.051922
0.0519012
0.0520165
0.0519808
0.0519597
0.052046
0.0519737
0.0520444
0.0519761
0.0520335
0.0520284
0.0520192
0.0519989
0.0520096
0.0519507
0.051939
0.0519507
0.0520723
0.0519818
0.0520263
0.0520085
0.0520565
0.0519497
0.0519914
0.0519847
0.0519991
0.0524357
0.0519834
0.0519608
0.0519976
0.0519924
0.0519776
0.0520106
0.0520618
0.0519369
0.0520469
0.0521158
0.0520809
0.0520232
0.0520096
0.052053
0.052097
0.0522012
0.0519296
0.0521044
0.0519567
0.0520399
0.0518988
0.0519917
0.0519145
0.0519854
0.0518793
0.0520076
0.0519212
0.0519836
0.0519229
0.0519607
0.0520525
0.0519751
0.0519711
0.0521146
0.0526827
0.052502
0.0528219
0.0529981
0.0530071
0.0532296
0.0533207
0.0531494
0.0531578
0.053096
0.225449
0.0509396
0.0508101
0.0508203
0.0508491
0.0507993
0.0509037
0.0507925
0.0509712
0.0507978
0.0508745
0.0507376
0.0509057
0.0507794
0.0507424
0.0508509
0.0508958
0.0508133
0.0507851
0.0508475
0.0509164
0.0507756
0.0508825
0.0507543
0.050842
0.0507613
0.0507623
0.0509052
0.0508961
0.0511141
0.050797
0.0507856
0.0508576
0.0508046
0.0508014
0.05091
0.0508286
0.0508608
0.0508062
0.0508193
0.0509744
0.0508533
0.0509269
0.0508384
0.0510042
0.0509016
0.0509207
0.0507812
0.0508574
0.0508683
0.0508507
0.050818
0.0507948
0.0508598
0.0508532
0.0507794
0.0508414
0.0508457
0.050846
0.0508055
0.0507485
0.0507786
0.0509349
0.0508183
0.0507583
0.0512821
0.0511289
0.0513648
0.051217
0.051299
0.0515235
0.0514773
0.0514979
0.0516104
0.0517418
0.225767
0.0507253
0.0507452
0.050847
0.0506826
0.0509698
0.0507035
0.0507494
0.050722
0.0506723
0.0507907
0.0507419
0.0507435
0.0507565
0.0507728
0.0507081
0.0506831
0.0507943
0.0507432
0.0509894
0.0507322
0.0506869
0.0507299
0.0507528
0.0506476
0.0507266
0.0507779
0.0507111
0.0509299
0.0506963
0.050731
0.0508236
0.0507485
0.050685
0.0508302
0.050737
0.0506689
0.0508183
0.0507098
0.0507349
0.0507435
0.0507396
0.0507414
0.0507486
0.0509335
0.0506821
0.0507804
0.0506987
0.0508294
0.0508457
0.0507586
0.0506593
0.0507862
0.0507638
0.0508407
0.0507289
0.0506883
0.0507511
0.0507008
0.050713
0.0506991
0.0508219
0.0507128
0.0506489
0.0507975
0.0507208
0.051429
0.0508311
0.0513505
0.051326
0.0512685
0.051373
0.0517102
0.051916
0.0517518
0.0518906
0.0519173
0.0519274
0.226292
0.0508978
0.0509337
0.0508669
0.050766
0.0508249
0.0508667
0.0508626
0.0508697
0.0508533
0.0508783
0.0508529
0.0508588
0.0507725
0.0508057
0.0509331
0.0508375
0.0508041
0.0508163
0.050909
0.0511321
0.0507764
0.0508734
0.0508559
0.050969
0.0508246
0.0508371
0.0509268
0.0507877
0.0508042
0.0508548
0.0508265
0.0508177
0.0507373
0.0508139
0.050831
0.050837
0.0508416
0.0508722
0.0508123
0.0509305
0.0508528
0.0509001
0.0508446
0.050789
0.0508063
0.050836
0.050812
0.050821
0.05082
0.050844
0.0508347
0.0507972
0.0507706
0.0507859
0.0508264
0.0508317
0.0507852
0.0508221
0.0508266
0.051083
0.0508296
0.0509761
0.0513156
0.0509961
0.0514155
0.0516226
0.0517791
0.0518525
0.0520082
0.0521113
0.0519323
0.0519278
0.224871
0.0511922
0.0505049
0.0507526
0.0505233
0.0505964
0.0504909
0.050574
0.0507586
0.0506971
0.050502
0.0505586
0.0506249
0.0505865
0.0506831
0.0506081
0.0507128
0.0505631
0.0505766
0.0506824
0.0506061
0.0507072
0.0505631
0.0506212
0.0506573
0.0507087
0.0506476
0.0504852
0.0505279
0.0504608
0.0507075
0.0508261
0.0506045
0.0504814
0.0506605
0.0506353
0.0505775
0.050621
0.0505799
0.0505148
0.0506954
0.0507658
0.0506042
0.0505956
0.0505513
0.0506848
0.0505164
0.0507031
0.0507722
0.0506105
0.0505641
0.0507369
0.0505781
0.0505578
0.050607
0.0506775
0.0505408
0.0506322
0.0511399
0.0509781
0.0508839
0.0511435
0.0512097
0.0511832
0.0513844
0.0512551
0.051695
0.225618
0.0509498
0.0506561
0.0505879
0.0505887
0.0506596
0.0505248
0.0504546
0.0506714
0.0504667
0.0507331
0.0504978
0.050556
0.0506698
0.0507099
0.050724
0.0505625
0.0504813
0.0505805
0.0505436
0.0506081
0.0504746
0.0509095
0.0505811
0.0506543
0.0505471
0.0505642
0.0507835
0.0506369
0.0505281
0.0506537
0.0505247
0.0508727
0.0506366
0.05052
0.0505471
0.0505542
0.0504874
0.0505823
0.0505866
0.0506374
0.0504572
0.0506141
0.0505277
0.0505768
0.0506917
0.0505109
0.0505865
0.0505756
0.0506677
0.0505546
0.0506733
0.0504876
0.0507471
0.0506431
0.0507464
0.0504525
0.0508684
0.0511671
0.0508585
0.0509786
0.0511112
0.0510888
0.0513432
0.0514745
0.051319
0.0515365
0.0516504
0.225729
0.0509823
0.0505729
0.0505376
0.0506294
0.0505304
0.0505178
0.0506409
0.0505483
0.0505975
0.0506067
0.0506072
0.0506274
0.0505534
0.0505313
0.05057
0.0507258
0.0505428
0.0505344
0.0506046
0.0505581
0.0505818
0.0505616
0.0505279
0.0505676
0.0505232
0.0506056
0.0505708
0.0505598
0.0505904
0.0505438
0.0505602
0.0505146
0.0505439
0.050565
0.0506049
0.0505971
0.0504966
0.0506383
0.050611
0.0505918
0.0506118
0.0505992
0.0505929
0.0505524
0.0505783
0.0506977
0.0506154
0.0506822
0.0506051
0.0509907
0.0507041
0.050987
0.050884
0.0509048
0.0507048
0.0509856
0.051104
0.0509862
0.0510802
0.0511263
0.0513159
0.051389
0.225876
0.0509619
0.0506133
0.0506365
0.0506343
0.050606
0.0506105
0.0505759
0.0506115
0.0507225
0.0506314
0.0506118
0.050643
0.0505964
0.0505928
0.0505773
0.0506912
0.0507202
0.0506409
0.0506456
0.0506554
0.0505867
0.0506176
0.0505527
0.0505614
0.0506279
0.0506642
0.0506109
0.050537
0.0506344
0.0504883
0.0505686
0.0506001
0.0505838
0.0508073
0.0506302
0.0507076
0.0505869
0.0505896
0.0505595
0.0506181
0.0505992
0.0506101
0.0506142
0.0505725
0.0506494
0.0506617
0.0505871
0.0505771
0.0507723
0.050734
0.0507049
0.0509165
0.0507856
0.0510916
0.0509971
0.0509918
0.0511874
0.0511709
0.22545
0.0515001
0.050858
0.0507108
0.0506641
0.0507982
0.0507155
0.0508251
0.0507221
0.0508658
0.0507175
0.0507093
0.0506009
0.0508359
0.0506982
0.050842
0.050704
0.0508042
0.0507689
0.0508933
0.0505852
0.0507691
0.0509154
0.0506928
0.050667
0.0508198
0.0507218
0.0507815
0.0507697
0.0507331
0.0506409
0.0507124
0.0507397
0.0508244
0.0509454
0.0506989
0.0506983
0.0509087
0.0507579
0.0507617
0.0507883
0.0507133
0.0508441
0.050796
0.0507423
0.0506466
0.0507374
0.0508575
0.050721
0.0509865
0.0508063
0.0509854
0.0512423
0.0512322
0.0512456
0.0512094
0.0511545
0.051568
0.225775
0.0513087
0.0506651
0.0507482
0.0507422
0.0507288
0.0507222
0.0507224
0.0507848
0.0507792
0.0506391
0.0508071
0.0507332
0.0507828
0.0508134
0.0507647
0.0507765
0.050671
0.0508146
0.0507069
0.0506841
0.0507523
0.0506958
0.0507128
0.0506931
0.0508999
0.0507276
0.0508638
0.0507275
0.050833
0.0507092
0.0507012
0.0507043
0.0508303
0.0507964
0.0506913
0.0506639
0.0507715
0.0508157
0.0507484
0.0507425
0.0508678
0.0507397
0.0507553
0.0507628
0.0509156
0.0509876
0.0511749
0.0510994
0.0510452
0.0512834
0.0513518
0.051025
0.0513423
0.0513931
0.0514577
0.226671
0.0510632
0.0506402
0.050798
0.0506765
0.0507446
0.0506929
0.0507286
0.0506866
0.0508289
0.0506842
0.0506877
0.0507141
0.0506357
0.0506993
0.0507835
0.0506502
0.0507567
0.0507121
0.0507618
0.0506598
0.05085
0.0506601
0.0506566
0.0507317
0.0506874
0.0506649
0.0505579
0.0507009
0.0506718
0.0509932
0.050741
0.0507282
0.0507389
0.0506073
0.0505922
0.0507397
0.050658
0.0507411
0.0506274
0.0506173
0.0507544
0.0506005
0.0505717
0.0506842
0.0505468
0.0508958
0.0509175
0.0507207
0.0513804
0.0511317
0.0515879
0.0512611
0.0513878
0.0515281
0.0518561
0.0517977
0.0518229
0.226678
0.0509861
0.0508398
0.0506673
0.0506465
0.0506703
0.0507954
0.050825
0.0507453
0.0506948
0.0507382
0.0507923
0.0505701
0.0506436
0.0506949
0.0506845
0.0505942
0.0508387
0.0506604
0.0506772
0.050622
0.050677
0.0506769
0.0507076
0.0507144
0.050787
0.0506717
0.0507171
0.0505996
0.0508589
0.0508816
0.0507018
0.0507007
0.0507118
0.0508791
0.0506655
0.0506797
0.0506118
0.0508391
0.0507998
0.050745
0.0506268
0.0507442
0.0508694
0.0508911
0.0509533
0.05095
0.0510859
0.0506393
0.0511734
0.0511186
0.0513141
0.0514661
0.0514048
0.0516987
0.0514986
0.0521329
0.226188
0.0514991
0.0507679
0.0507564
0.0508704
0.0506777
0.0508045
0.050754
0.0506907
0.0506278
0.0506913
0.0508156
0.0506063
0.050817
0.0508742
0.0508361
0.0507303
0.0507675
0.0507007
0.0506983
0.0507268
0.050622
0.0507834
0.0506736
0.0508892
0.0510215
0.0508503
0.0507123
0.0509119
0.0507017
0.0507113
0.0507551
0.0507591
0.0507249
0.0507558
0.0506898
0.050747
0.0507053
0.0507995
0.0507426
0.0507473
0.0506952
0.050728
0.0506361
0.0509641
0.0508611
0.0506504
0.0511157
0.0510083
0.0510547
0.0514236
0.0514913
0.0513892
0.0515451
0.0516271
0.0519982
0.0522158
0.227026
0.0512582
0.0510373
0.0509251
0.0508444
0.0510587
0.0508075
0.0508792
0.050841
0.0508335
0.050739
0.0509207
0.0509465
0.0509197
0.0509668
0.0508951
0.0508879
0.0508221
0.0508254
0.0509012
0.0509106
0.0508753
0.050874
0.0508333
0.0508465
0.0508301
0.0508448
0.0508467
0.0508468
0.0508318
0.0508286
0.0507704
0.0508728
0.0508479
0.0509284
0.050875
0.0509806
0.0507884
0.0508741
0.0507879
0.0508723
0.0509182
0.0508171
0.050918
0.0508418
0.050806
0.0509038
0.0511617
0.0510832
0.0511951
0.0514748
0.0516809
0.0516659
0.0518227
0.0518663
0.0519768
0.0526201
0.227122
0.0517211
0.0509073
0.0509815
0.0508617
0.050962
0.050833
0.0509325
0.0508885
0.0510073
0.0508838
0.0509367
0.0508438
0.0511428
0.0509259
0.0509748
0.0508718
0.0509747
0.0508677
0.0510956
0.0509022
0.0509117
0.0510079
0.0509051
0.0509422
0.05091
0.0508275
0.050937
0.0508838
0.050933
0.0509068
0.0509141
0.0509228
0.0508995
0.0509328
0.0509215
0.0509507
0.0507305
0.0510092
0.050866
0.0508659
0.050872
0.0508973
0.0508468
0.0508765
0.0510365
0.0512817
0.0512957
0.0512499
0.0514409
0.0515041
0.051848
0.0539181
0.0529618
0.0519678
0.0576648
0.053672
0.227398
0.0514155
0.0509765
0.0509868
0.0511715
0.0509382
0.0510321
0.0510192
0.0510338
0.0509798
0.0510332
0.0510641
0.0510588
0.0510926
0.0509587
0.0511024
0.0510274
0.0508872
0.051156
0.0510575
0.0509771
0.0510261
0.0511493
0.0510162
0.0510157
0.0509962
0.0510166
0.0511136
0.050902
0.0508857
0.0510232
0.0510352
0.0509269
0.0509151
0.0511145
0.0510433
0.0509175
0.0510163
0.0509733
0.0509117
0.0509779
0.050985
0.0509707
0.0510631
0.05109
0.0511937
0.0512627
0.0512601
0.0512718
0.0515289
0.0517701
0.0519073
0.0519677
0.0518091
0.0518839
0.0522056
0.0519701
