0.0131483
0.0127904
0.012685
0.0126549
0.012757
0.0126554
0.0125887
0.0126411
0.012628
0.0126753
0.0125771
0.0126442
0.0126409
0.0126915
0.0127119
0.0126404
0.0126337
0.0245362
0.0125871
0.0126569
0.0126192
0.012635
0.0126847
0.0125802
0.0126537
0.0125296
0.0127293
0.0125582
0.012666
0.0124708
0.0124994
0.0126394
0.0125933
0.0126129
0.0126155
0.0125701
0.0126114
0.0126947
0.0126542
0.0127012
0.012686
0.0126374
0.0126062
0.0126685
0.0126313
0.0125713
0.0126688
0.0124456
0.0125338
0.0127561
0.0127208
0.0159817
0.0125845
0.0126707
0.0126228
0.0125627
0.0126292
0.0125818
0.025833
0.0125611
0.0126106
0.0126505
0.0126704
0.0126899
0.0126664
0.0126289
0.0126208
0.0126427
0.0126509
0.0126029
0.0126744
0.0126355
0.0126615
0.0126802
0.0126775
0.0125382
0.0126844
0.0126661
0.0126728
0.0126386
0.0124591
0.0126414
0.0126481
0.0126685
0.0126728
0.0125933
0.0126606
0.0125972
0.0126184
0.0126209
0.0126679
0.0126329
0.0126275
0.0126521
0.0326025
0.0200255
0.0126478
0.0127549
0.0125365
0.0125223
0.0126786
0.0126641
0.012655
0.012617
0.012705
0.0126805
0.0126274
0.0125589
0.0126695
0.0126454
0.0126608
0.0127317
0.0125142
0.0125478
0.0124477
0.0123748
0.0124393
0.0124392
0.0235276
0.0153614
0.0154342
0.0154025
0.0155365
0.0154177
0.0153491
0.0154396
0.015446
0.0153477
0.0154806
0.0154271
0.0154502
0.0154546
0.0154425
0.0155298
0.0155127
0.0153982
0.0155032
0.0154051
0.0155842
0.0153928
0.0153634
0.0154609
0.0153946
0.0154304
0.015488
0.0154267
0.0154937
0.0154445
0.0154928
0.0154777
0.0154155
0.0153981
0.0154104
0.0154145
0.0154077
0.0154041
0.0154851
0.0154547
0.0154844
0.0154676
0.0154753
0.0154252
0.0154543
0.0154603
0.0154125
0.0155564
0.0153913
0.0154443
0.015462
0.0154657
0.0154438
0.0154614
0.0154714
0.0154053
0.0155205
0.0155608
0.0155468
0.0155083
0.0154941
0.0154964
0.0155586
0.0156937
0.0154252
0.0154736
0.0154756
0.0155209
0.0153793
0.015449
0.0154236
0.0154697
0.0153875
0.0155117
0.0154039
0.0154807
0.0154164
0.015448
0.0155419
0.0154797
0.0154039
0.0153957
0.0154157
0.0152428
0.0153898
0.0153953
0.0153725
0.015423
0.0154175
0.0154377
0.0154668
0.0154108
0.0231773
0.0156433
0.0156589
0.0156685
0.0156227
0.0156537
0.0156227
0.0156459
0.0157481
0.0156818
0.0157476
0.015579
0.0156927
0.0156351
0.0155977
0.0156753
0.0156939
0.0156765
0.0156346
0.0157029
0.0156729
0.0156318
0.0156304
0.0156034
0.0156242
0.0156408
0.0156294
0.0157379
0.0156843
0.0156792
0.0156579
0.0156548
0.0157308
0.0156824
0.0156823
0.0157326
0.0157044
0.0157172
0.0156912
0.0156884
0.0157265
0.015706
0.015725
0.0157244
0.0157535
0.0157944
0.0157483
0.0156825
0.015754
0.0157289
0.0156699
0.0157059
0.0156781
0.0157715
0.0156635
0.0156751
0.0157084
0.0157233
0.0156573
0.0156907
0.0156345
0.0156555
0.0157188
0.015698
0.0156494
0.0157811
0.0156779
0.0156207
0.0156669
0.0156878
0.0157145
0.0156602
0.0156467
0.0156933
0.0156956
0.0222047
0.0159049
0.0159116
0.0159616
0.0158761
0.0161603
0.0158803
0.0159061
0.0158798
0.0158546
0.0159154
0.0158889
0.0159315
0.0159472
0.0159753
0.0158458
0.0158809
0.0159319
0.0159418
0.015937
0.0159339
0.0158662
0.015905
0.0159039
0.0158645
0.0159228
0.0158903
0.0158497
0.0159322
0.0158854
0.0158962
0.0160078
0.0159404
0.0158969
0.015952
0.015945
0.0158756
0.0160196
0.0158614
0.0159152
0.015935
0.0159439
0.0159543
0.0159536
0.0159656
0.015901
0.0159325
0.0159067
0.0160331
0.0159237
0.0159313
0.0158778
0.0159752
0.0159804
0.0159226
0.0159375
0.0158879
0.0159611
0.0158704
0.015944
0.015894
0.0159099
0.0158418
0.0158597
0.0159132
0.0159461
0.0158864
0.015928
0.0160678
0.0159779
0.0159049
0.0158649
0.0158475
0.0159725
0.0158837
0.0158768
0.01585
0.0158588
0.0231978
0.0161022
0.0161509
0.0161723
0.01612
0.0161768
0.0162106
0.0161532
0.0162366
0.0162039
0.0162192
0.0161511
0.0162123
0.0161217
0.0161512
0.0162306
0.0161687
0.0161748
0.0161781
0.0161691
0.0162035
0.0161219
0.0161993
0.0162097
0.0161489
0.0161928
0.0161759
0.0162248
0.0161497
0.0161729
0.0161522
0.0161826
0.0161756
0.0161088
0.016183
0.0161997
0.0161904
0.01621
0.0162454
0.0161839
0.0161921
0.0162167
0.0161609
0.0162102
0.016152
0.0161829
0.0161635
0.0161771
0.0161717
0.0161983
0.0161741
0.0162191
0.0161657
0.0161601
0.0161034
0.0162075
0.0159749
0.0161638
0.0161395
0.0161794
0.0162524
0.0161819
0.0161559
0.0162353
0.0162348
0.016214
0.0161053
0.0161064
0.0161173
0.0161186
0.0161007
0.016109
0.016131
0.0218731
0.0159342
0.0159031
0.0159526
0.0159044
0.0159399
0.0159223
0.0158738
0.0160552
0.015998
0.0158996
0.0158959
0.0159158
0.0158935
0.0159849
0.0159814
0.0159984
0.0159819
0.0159052
0.0159915
0.0158594
0.0159429
0.0159749
0.0159875
0.0160059
0.0159536
0.0160591
0.0158983
0.0159351
0.0158417
0.0159431
0.0160642
0.0160098
0.0158801
0.0159796
0.0160077
0.0159322
0.015964
0.0159817
0.0158933
0.0160699
0.0159633
0.0160125
0.0159672
0.0159614
0.0160187
0.0159194
0.0159669
0.0160926
0.0159378
0.0159788
0.0159711
0.0159734
0.0159107
0.0159722
0.0159706
0.0159706
0.0160071
0.0159676
0.0158655
0.0158692
0.0158613
0.0158618
0.0158854
0.0158568
0.0159281
0.015951
0.0227077
0.0159059
0.0159641
0.0158697
0.0158649
0.0160704
0.0159122
0.0158779
0.0159967
0.01586
0.0159902
0.0159087
0.0159356
0.0160618
0.0160161
0.0161272
0.0159188
0.0158473
0.0159743
0.0159521
0.0159505
0.0159028
0.0159557
0.0159759
0.0159084
0.0159771
0.0159469
0.0160395
0.0159869
0.0159487
0.0159501
0.0159665
0.0160747
0.0158963
0.0159478
0.0159669
0.0159167
0.015925
0.0159417
0.016007
0.0159276
0.0158916
0.0159829
0.0159193
0.0159312
0.0161293
0.0159143
0.0159914
0.0159862
0.0160576
0.0159672
0.0159424
0.0159256
0.016003
0.015958
0.0160795
0.0158965
0.0159283
0.0159151
0.0158365
0.0159655
0.0158735
0.0158136
0.0159165
0.015906
0.0158802
0.0159335
0.0158849
0.021649
0.0159914
0.015955
0.0159042
0.0160364
0.0159367
0.0159276
0.0159887
0.0159717
0.0159916
0.0160207
0.0159668
0.0160471
0.0159256
0.0159468
0.0159502
0.016012
0.0159558
0.0159415
0.0159612
0.0159902
0.0159952
0.0159691
0.0159463
0.0159917
0.0159362
0.0159643
0.0160015
0.0159746
0.0160029
0.0159357
0.0159796
0.0159414
0.0159632
0.0159868
0.016043
0.0159107
0.0159071
0.0159584
0.0160519
0.016016
0.0160466
0.016015
0.0160314
0.0159711
0.0160147
0.0160418
0.0160301
0.015977
0.0160506
0.0159906
0.015993
0.0160421
0.0160921
0.0159595
0.0159777
0.0159542
0.0159505
0.0159286
0.0159377
0.0159154
0.0159564
0.0159596
0.0221643
0.0160174
0.0160142
0.0160174
0.0160405
0.0160105
0.0160109
0.0159806
0.0160031
0.0160179
0.0160351
0.0159916
0.0160476
0.0159976
0.0160035
0.0159921
0.0159657
0.0161138
0.0160077
0.0160533
0.0160738
0.016001
0.0159685
0.0159677
0.0159687
0.0160065
0.0160222
0.0160117
0.0159515
0.0160476
0.0158908
0.0159645
0.0160195
0.0159769
0.0160553
0.0160486
0.0161099
0.0160009
0.0159596
0.0159854
0.0160044
0.0160169
0.0159716
0.0160385
0.0159938
0.0160296
0.016035
0.0160147
0.0159955
0.0159986
0.0160715
0.0160692
0.0160268
0.0160787
0.0160502
0.01609
0.0160838
0.0160515
0.0160334
0.0219833
0.0160298
0.0160786
0.0160116
0.0160619
0.0160316
0.0160659
0.0160501
0.0161194
0.0161328
0.0160394
0.0160007
0.0160036
0.0160349
0.0160617
0.016106
0.0161014
0.0160834
0.0161079
0.0160329
0.0159608
0.0160406
0.0161336
0.0160547
0.0159918
0.0160657
0.0160863
0.0161087
0.0161537
0.0161341
0.0160193
0.0160585
0.0160176
0.016054
0.016011
0.0160678
0.0161026
0.0159725
0.0160531
0.0161196
0.016052
0.0160211
0.0161133
0.0161087
0.0160809
0.0160559
0.0160177
0.0161726
0.0161194
0.0161052
0.0160476
0.0161003
0.0161042
0.0160967
0.0161425
0.0160461
0.016023
0.0161505
0.0218723
0.0160051
0.016029
0.0160474
0.0160665
0.0160784
0.016088
0.0160322
0.0160378
0.0161499
0.0160139
0.0160666
0.0161114
0.0160441
0.016112
0.0160572
0.0160683
0.0160068
0.0160549
0.0160663
0.0160447
0.0160394
0.0160684
0.0160483
0.0160718
0.0161084
0.0160222
0.016019
0.0161185
0.0160842
0.0160706
0.0160295
0.0160785
0.0160656
0.0160821
0.0160069
0.0160359
0.0160399
0.016025
0.0160286
0.0160792
0.0161215
0.0160999
0.0161084
0.016086
0.0160642
0.0160716
0.0159617
0.0160522
0.0159966
0.0159183
0.0159591
0.016014
0.0161057
0.0160338
0.0159919
0.022864
0.0159898
0.0159767
0.0158987
0.0159843
0.0159435
0.0159026
0.0159183
0.0159813
0.0160675
0.0160256
0.0159687
0.0160166
0.0158717
0.0159334
0.0160301
0.0160092
0.0159578
0.0159161
0.0159259
0.0159068
0.0159813
0.0158878
0.0159564
0.0159841
0.0159333
0.0159465
0.0158508
0.0159179
0.0158926
0.0158878
0.0159886
0.0160164
0.0159977
0.0159174
0.0159414
0.0160166
0.0159233
0.0159121
0.0159329
0.015857
0.0160125
0.0159407
0.0159047
0.0159945
0.0159046
0.0158874
0.0160105
0.0159406
0.0159764
0.0158911
0.015974
0.0159313
0.0158829
0.015881
0.0157939
0.0159024
0.0159343
0.0222767
0.0160286
0.0160692
0.0159496
0.0159999
0.0160384
0.0161495
0.0161156
0.0160957
0.015958
0.0160402
0.0159943
0.0159277
0.0159424
0.0159905
0.0160055
0.0159431
0.016093
0.0159615
0.016008
0.015984
0.0159998
0.0160248
0.0160348
0.0160442
0.0160859
0.0159966
0.0159444
0.0159458
0.0160151
0.0162017
0.0160534
0.0160359
0.0160569
0.0161529
0.0159912
0.0159852
0.0159811
0.0161647
0.0161114
0.0160469
0.0160145
0.0161159
0.0160086
0.01595
0.0160735
0.0160139
0.0162718
0.0159938
0.0161022
0.0161287
0.0161216
0.0160104
0.0159503
0.0160436
0.015898
0.0160546
0.02174
0.0161617
0.016054
0.0160873
0.0159825
0.0160186
0.0161278
0.0161102
0.0160023
0.0159657
0.0159845
0.0160658
0.0159506
0.0160844
0.0162247
0.0160648
0.0160886
0.0160961
0.0160574
0.0160062
0.0160766
0.0159803
0.0160236
0.0160171
0.0160068
0.0160279
0.0162115
0.0160812
0.0160807
0.0160467
0.0160865
0.0160877
0.0160682
0.0160774
0.0159796
0.0160639
0.0160113
0.0160565
0.0159588
0.0160936
0.0160443
0.0160432
0.0160789
0.0160049
0.0160365
0.0160637
0.0159933
0.0160713
0.0161481
0.0161506
0.0162196
0.0162012
0.0162497
0.0161348
0.0160299
0.0161296
0.0161711
0.0223718
0.0163275
0.0163768
0.0162221
0.0161704
0.0163902
0.0161503
0.0161869
0.0161719
0.0161564
0.0160929
0.0162214
0.0162874
0.0161629
0.0163098
0.0161986
0.0162351
0.0161543
0.0161752
0.0162178
0.0161894
0.0161964
0.0162125
0.0161544
0.0161933
0.0161773
0.0161773
0.0161689
0.0161904
0.016187
0.0161782
0.0161227
0.0161517
0.0162026
0.0162652
0.0162361
0.0163162
0.0161555
0.0161627
0.0161614
0.016226
0.0162712
0.01617
0.0161434
0.0161711
0.0161426
0.0161844
0.0162813
0.0161846
0.0163297
0.0161356
0.0161818
0.0162135
0.0162028
0.0160952
0.0161474
0.0161644
0.0224709
0.0161503
0.0161973
0.0162989
0.0161584
0.0162024
0.0161605
0.0162541
0.0161124
0.0163029
0.0162205
0.0162097
0.0161689
0.0162204
0.0161818
0.0162977
0.0161616
0.0161563
0.0162076
0.0161898
0.0162096
0.0162263
0.0162396
0.0162395
0.0162185
0.0162418
0.0161496
0.0161665
0.0162021
0.0161867
0.0162358
0.0162395
0.0162173
0.016227
0.0162832
0.0162729
0.0162962
0.016081
0.0162544
0.0161388
0.0161825
0.0162109
0.0161724
0.0162036
0.0162094
0.0162517
0.0161846
0.0161247
0.0162402
0.0161631
0.0161609
0.0161644
0.0163557
0.0160155
0.0160477
0.0200349
0.0161759
0.0219649
0.0163147
0.0162494
0.0163081
0.0163925
0.0162503
0.0163079
0.0163312
0.0162677
0.0162893
0.0163161
0.0163846
0.0163614
0.0164194
0.016252
0.01642
0.0163406
0.0162109
0.0164524
0.0163781
0.0162896
0.0163573
0.0163277
0.0163294
0.0163392
0.0163166
0.016328
0.0163408
0.0162309
0.0162105
0.016304
0.0163673
0.0162831
0.016228
0.0164445
0.0163722
0.0162535
0.016253
0.0163139
0.0162548
0.0163066
0.0163164
0.0163011
0.0164058
0.0164191
0.0162903
0.0163706
0.0163548
0.0163929
0.0161353
0.0162858
0.0162445
0.0162125
0.0161545
0.016266
0.0163396
0.0162433
