0.0376499
0.0361748
0.0363691
0.0364619
0.0365077
0.036524
0.0365128
0.0365194
0.0365104
0.036491
0.0365136
0.0365143
0.0364944
0.0365758
0.0365432
0.0364792
0.0364808
0.0364839
0.0364826
0.0364809
0.0364793
0.0364643
0.0364661
0.0364527
0.0364722
0.0364727
0.0364631
0.0364705
0.0364464
0.0364563
0.0365662
0.0364542
0.036562
0.0364784
0.0364456
0.0364319
0.0364536
0.0364446
0.0364485
0.0364557
0.0364426
0.0364405
0.0364518
0.0364421
0.0364322
0.0367534
0.036438
0.0365489
0.036524
0.0364642
0.040288
0.0364476
0.0364873
0.0364439
0.0364121
0.0364268
0.0364289
0.0364371
0.036442
0.0364286
0.0364212
0.0364496
0.0364362
0.0364518
0.0364187
0.0364232
0.0364632
0.0364195
0.0364394
0.036442
0.0364309
0.0364208
0.0364296
0.0364139
0.0364348
0.0364384
0.0364377
0.0364198
0.0364261
0.0364333
0.0364317
0.0364248
0.0364358
0.036444
0.0364347
0.0364209
0.0364367
0.0363961
0.0364094
0.0364499
0.0364288
0.0364627
0.0364467
0.0365486
0.0364089
0.0364283
0.0364389
0.0364333
0.0364099
0.0363884
0.0364184
0.0364234
0.036417
0.0364252
0.0363997
0.0364132
0.0364108
0.0364078
0.0364468
0.0363965
0.0364006
0.0364063
0.0364245
0.0363906
0.0364076
0.0363974
0.0364133
0.0364282
0.0361647
0.035944
0.0358859
0.0358947
0.035884
0.0359053
0.0359677
0.0358895
0.0359057
0.0358821
0.0359246
0.035902
0.0359526
0.0358948
0.0359831
0.0358995
0.0359393
0.0359003
0.0358695
0.0358907
0.0359445
0.0358733
0.0358841
0.0358962
0.0359318
0.0358754
0.0358943
0.0358923
0.0358911
0.0358769
0.0358836
0.0358925
0.0359532
0.0358856
0.0359369
0.0358845
0.0358685
0.0358902
0.0359285
0.0358782
0.0358843
0.0358811
0.0359238
0.0358676
0.0358782
0.0358758
0.0359337
0.0362294
0.0359314
0.0358662
0.035875
0.0358618
0.0358659
0.0358795
0.0358483
0.0358609
0.0358611
0.0358915
0.0358714
0.0358508
0.035849
0.0358952
0.0358621
0.0358516
0.0358436
0.035967
0.0358411
0.0358533
0.0358496
0.0358913
0.0358381
0.0358449
0.0358326
0.035828
0.0358413
0.0358379
0.0358391
0.0358398
0.0358415
0.0358269
0.0359064
0.0358277
0.0359282
0.0358288
0.035875
0.0359311
0.0358178
0.0358342
0.0358671
0.0358296
0.0358132
0.0358166
0.0345729
0.0344881
0.0344817
0.0344775
0.0345409
0.0344777
0.0346085
0.0344703
0.034546
0.0344558
0.0344602
0.0344677
0.0345393
0.0344726
0.0344614
0.034504
0.0345316
0.0344639
0.0344656
0.034472
0.0345717
0.0344653
0.034574
0.0344807
0.0345349
0.03445
0.0344571
0.0344892
0.0345338
0.0347588
0.0344561
0.0344585
0.0344456
0.0344506
0.0344406
0.0344514
0.0344583
0.034473
0.0344407
0.0344509
0.0345752
0.0344389
0.0345141
0.0344418
0.0345748
0.0344395
0.0344935
0.03443
0.0344311
0.034449
0.0345068
0.0344473
0.0344412
0.0344166
0.0345098
0.0344304
0.0344451
0.0344474
0.0345095
0.0344357
0.0344432
0.0344473
0.0344946
0.034428
0.0344329
0.0344453
0.0345072
0.034519
0.0344281
0.0344483
0.034484
0.0344274
0.0344314
0.0344258
0.0345122
0.0341515
0.0341381
0.0341345
0.0341927
0.0341276
0.0341304
0.0341314
0.0341582
0.0341161
0.0341224
0.0341293
0.0341707
0.0341222
0.0341216
0.0341099
0.0341692
0.0341276
0.0341253
0.0341133
0.0341753
0.0341178
0.0341206
0.0341231
0.0341646
0.0341004
0.0341202
0.0341322
0.034177
0.0343156
0.0341283
0.0341
0.0341137
0.0341259
0.0341019
0.0341286
0.0341095
0.0341047
0.0340996
0.0341096
0.0341219
0.0341166
0.0341174
0.0341116
0.0341026
0.0342139
0.0341009
0.0341485
0.034091
0.034113
0.0342433
0.0341407
0.0341019
0.0341071
0.0341017
0.0341687
0.0341206
0.0341099
0.0340885
0.0341421
0.0340858
0.0341063
0.0341146
0.0341343
0.0340893
0.0342004
0.034092
0.0343451
0.0340949
0.0341084
0.0341586
0.0340987
0.0340824
0.0341084
0.0341504
0.0340847
0.0340888
0.0341052
0.0340882
0.0339708
0.0339524
0.0340723
0.0340122
0.0339711
0.0339561
0.0339648
0.0340175
0.0339522
0.0339552
0.0339705
0.034006
0.0339571
0.0339547
0.0339594
0.034007
0.0339748
0.0339468
0.033952
0.0340219
0.0342399
0.0339581
0.0339844
0.0339521
0.0341221
0.0339459
0.0339584
0.0339511
0.0339485
0.033944
0.0339507
0.0339548
0.03395
0.033931
0.0339433
0.0339466
0.0339526
0.0339354
0.0339436
0.0339407
0.0340354
0.0339503
0.0340499
0.0339353
0.0339442
0.0339371
0.0339924
0.0339385
0.0339627
0.0339332
0.033987
0.0339387
0.033942
0.0339247
0.0339881
0.0339338
0.0339604
0.0339199
0.0339929
0.0339269
0.0339379
0.0339328
0.0340058
0.0340302
0.0339203
0.0339303
0.0339607
0.0339209
0.0339298
0.0339501
0.033974
0.0339262
0.0339156
0.033913
0.0339472
0.0339016
0.0339913
0.0339103
0.0339603
0.0338785
0.0339194
0.0339116
0.0339633
0.0339128
0.0338924
0.0339032
0.0339687
0.0340105
0.0339135
0.0339643
0.0338823
0.0338985
0.0338934
0.033974
0.0340168
0.0339021
0.0339111
0.0339116
0.0340603
0.033895
0.0338992
0.0338861
0.0338984
0.0338914
0.0339948
0.0339001
0.0339005
0.0338846
0.033897
0.0339022
0.0339043
0.0338821
0.0338925
0.0338884
0.0339934
0.033903
0.0339052
0.0338913
0.0338837
0.0338845
0.0338893
0.0338966
0.0339704
0.0338903
0.0339253
0.0338727
0.0338808
0.0338816
0.0339451
0.033881
0.0338747
0.0338813
0.0339486
0.0338617
0.033961
0.0338863
0.0339121
0.0339818
0.0338788
0.0339022
0.0338986
0.0338994
0.0338962
0.0338936
0.0338886
0.0338923
0.0338942
0.0338819
0.0338914
0.0338928
0.0340275
0.0338856
0.0338889
0.0339046
0.0340057
0.0339029
0.0339511
0.0338775
0.033893
0.0338924
0.033952
0.0338788
0.0342585
0.0338842
0.033978
0.033888
0.0338787
0.0338704
0.0339252
0.0338718
0.0340046
0.0338614
0.0340922
0.0340267
0.0338781
0.0338699
0.0339424
0.0338732
0.0338849
0.0338822
0.0339431
0.0338773
0.0338923
0.0338757
0.0339446
0.0338661
0.033869
0.0338855
0.0338684
0.0338779
0.0338611
0.0339633
0.0338735
0.0338623
0.0338594
0.0339333
0.0338692
0.0338699
0.0338772
0.0338587
0.0338574
0.03387
0.0338593
0.033857
0.033874
0.0338789
0.0339697
0.0338544
0.0339814
0.0338928
0.0339096
0.0339369
0.0338926
0.0338879
0.0338873
0.0339467
0.0338842
0.0338971
0.0338852
0.0339393
0.0338806
0.0338724
0.033876
0.0339178
0.0339956
0.0338894
0.0338939
0.0339418
0.033878
0.0338844
0.0338872
0.0338871
0.0338777
0.0338924
0.0338806
0.0338714
0.0338849
0.0338828
0.0338896
0.0338751
0.0338736
0.0338777
0.033881
0.0338654
0.0339789
0.0338886
0.0339013
0.0338646
0.033866
0.0338583
0.0338832
0.0338661
0.0338734
0.033865
0.0338583
0.0338633
0.0340046
0.0338643
0.0339078
0.0338644
0.0338696
0.0338668
0.0339086
0.0338583
0.0339599
0.0338577
0.0339071
0.0338767
0.0338723
0.0338665
0.0339086
0.0339078
0.0338923
0.0338913
0.0339263
0.033888
0.0338936
0.0338957
0.0338899
0.0338983
0.0340097
0.0338972
0.0339192
0.0338946
0.0338924
0.0338945
0.0338818
0.0338965
0.033899
0.0339349
0.033897
0.033886
0.0338844
0.0339518
0.0338933
0.0338857
0.0338971
0.03395
0.0338856
0.0338887
0.033883
0.0338946
0.0339066
0.0338794
0.0339047
0.0340524
0.0338817
0.0338897
0.0338899
0.0339265
0.0338743
0.0338922
0.0338823
0.0339366
0.0338772
0.0338818
0.0338822
0.0339355
0.0338716
0.0338845
0.0339127
0.0339596
0.0339371
0.0339643
0.0338628
0.0339207
0.0338673
0.0338778
0.0338806
0.0338741
0.033907
0.0339065
0.0339091
0.0339307
0.033901
0.0339077
0.0339065
0.0340507
0.033903
0.0339061
0.0339103
0.0339397
0.033896
0.0339133
0.0338962
0.0339476
0.033905
0.0338975
0.0338991
0.0339317
0.033917
0.0338996
0.0339144
0.0339354
0.0339707
0.0339742
0.033932
0.0339657
0.0338888
0.0339019
0.0338885
0.0339012
0.0338886
0.0339015
0.0339118
0.0338927
0.0338902
0.0338889
0.0339007
0.033901
0.0339037
0.0338938
0.0338951
0.0339701
0.0339519
0.0338901
0.0338996
0.0338975
0.0338992
0.033888
0.0339334
0.0338802
0.0338972
0.0338901
0.0339146
0.0338922
0.0338899
0.0338926
0.0339525
0.0340113
0.0339303
0.0339363
0.0339249
0.0339227
0.0339349
0.0339337
0.0339268
0.0339218
0.0339153
0.033965
0.0339231
0.0339187
0.0339275
0.0339714
0.0339844
0.0339229
0.0339213
0.0339461
0.0339138
0.0339955
0.033927
0.033942
0.0339154
0.0339186
0.0339292
0.0339569
0.0339165
0.0339153
0.0339147
0.0339474
0.0339072
0.0339147
0.0339153
0.0339417
0.033914
0.0339037
0.0339126
0.0339467
0.0339024
0.0339093
0.0339336
0.033951
0.0339465
0.0338954
0.0338969
0.0339577
0.0338944
0.0338978
0.0338925
0.0339901
0.0339014
0.0339064
0.0338985
0.0338936
0.0339368
0.0339492
0.0339393
0.0339564
0.0339529
0.0339365
0.033944
0.0339761
0.0339471
0.0339378
0.0339323
0.033958
0.0339356
0.0339411
0.0339391
0.0339624
0.0339317
0.0339307
0.0339302
0.0339563
0.0339938
0.0339245
0.0339561
0.033964
0.0339089
0.0339132
0.0339351
0.0339254
0.033919
0.0339281
0.0339389
0.0339115
0.0339247
0.0339191
0.0339305
0.0339332
0.0339255
0.0339096
0.0339217
0.033933
0.0339794
0.0339227
0.0339173
0.0339301
0.0339744
0.0339386
0.033908
0.0339011
0.0339108
0.033945
0.033909
0.033926
0.03391
0.0339484
0.0339066
0.0339156
0.0339053
0.0339135
0.0341477
0.0339463
0.0340468
0.0339927
0.0339455
0.0339288
0.0339388
0.0339822
0.0339424
0.0339427
0.0339501
0.0339809
0.0339348
0.0339393
0.0339482
0.0339762
0.033951
0.0339427
0.0339928
0.0339648
0.0339395
0.0339308
0.033951
0.0339772
0.0339284
0.0339327
0.0339333
0.03396
0.0339388
0.0339372
0.0339301
0.0339467
0.0339205
0.0339266
0.0339377
0.0339561
0.0339941
0.033933
0.0339685
0.03399
0.0339944
0.0339165
0.0339224
0.0339489
0.0339198
0.0339207
0.0339339
0.0339196
0.0339124
0.0339198
0.03391
0.0339255
0.0339091
0.0339311
0.033929
0.0339203
0.0339966
0.0339612
0.0339552
0.0340041
0.0339787
0.0339511
0.0339555
0.0339824
0.0339511
0.0339485
0.0339599
0.0339998
0.0340337
0.0339586
0.0339465
0.033949
0.0340661
0.0339457
0.0339705
0.0339398
0.033957
0.0339373
0.033932
0.033951
0.0339537
0.0339427
0.0339489
0.0339334
0.0339358
0.0339415
0.0339431
0.0339301
0.033945
0.0339933
0.0339386
0.0340213
0.0339303
0.0339718
0.0339457
0.0339344
0.0339411
0.0339939
0.0339524
0.0339294
0.0339269
0.0339618
0.0340092
0.0339233
0.0339334
0.0339633
0.0339255
0.0339288
0.0339218
0.0339495
0.033933
0.0339269
0.0339485
0.0339974
0.0339968
0.0339686
0.0339621
0.0339995
0.0339702
0.0339574
0.0339585
0.0339901
0.0339714
0.0339707
0.0339592
0.0339985
0.0339557
0.0339653
0.0339561
0.0339932
0.0339527
0.0339638
0.0339523
0.0339746
0.0340198
0.033978
0.0339619
0.0339778
0.0339582
0.0339592
0.0339653
0.0339729
0.0339559
0.0339495
0.0339442
0.033944
0.0340165
0.0339506
0.0339489
0.0339421
0.0339579
0.0339373
0.0340104
0.0339384
0.0339463
0.0339388
0.0339473
0.0339465
0.0339306
0.0339561
0.0339474
0.0339311
0.0339398
0.0339367
0.033981
0.0339413
0.0340142
0.033947
0.0339599
0.0339254
0.0339414
0.0339993
0.0339959
0.0339799
0.0339781
0.0339896
0.0339673
0.0339725
0.0339764
0.0339846
0.0340004
0.0339605
0.0340347
0.0339738
0.034117
0.0340435
0.0339627
0.0340049
0.0339944
0.0339697
0.0339664
0.0339896
0.0339694
0.0339556
0.0339614
0.0339772
0.0339649
0.0339613
0.0339589
0.0339705
0.0340528
0.0339726
0.0339708
0.0340094
0.0339736
0.0339468
0.0339468
0.0339563
0.0339533
0.0339497
0.0339579
0.0339609
0.0339618
0.0339502
0.0339436
0.033949
0.0339634
0.0339463
0.0340008
0.0339408
0.0340319
0.0339552
0.0340218
0.0340197
0.0339585
0.0339484
0.0354579
0.0339438
0.0339892
0.0339976
0.0340331
0.0339767
0.0340565
0.0339923
0.0340218
0.0339841
0.0340579
0.0339869
0.0340224
0.0339853
0.0339733
0.0339779
0.0340119
0.0339816
0.0339752
0.0339721
0.034006
0.0339717
0.0339709
0.0339645
0.0341236
0.0339803
0.0339702
0.0339794
0.0339949
0.0340688
0.0339726
0.0339679
0.0340177
0.0339669
0.0339397
0.0339774
0.0339709
0.0339613
0.033958
0.0339772
0.033962
0.0339538
0.0339627
0.0339606
0.0339626
0.0339565
0.0339685
0.033966
0.0339605
0.0340474
0.033954
0.033957
0.0339588
0.0339522
0.0339532
0.0339892
0.0339707
0.0339584
0.0339567
