0.0247235
0.0228798
0.0228685
0.0229188
0.0229065
0.0229731
0.0229437
0.0229894
0.0230206
0.0230441
0.0229193
0.023142
0.0270309
0.0229848
0.0229577
0.022926
0.0229945
0.0230419
0.0229117
0.0230628
0.0229499
0.0229774
0.0229067
0.0230112
0.0231632
0.0229051
0.023075
0.0229661
0.0230208
0.0230973
0.022872
0.0230337
0.0228813
0.0229181
0.0230013
0.0230059
0.0229183
0.0229937
0.0229626
0.022931
0.0229548
0.0229993
0.0229569
0.0229693
0.022943
0.022906
0.0231067
0.0229917
0.0229648
0.0228947
0.0229631
0.0231425
0.0230066
0.0229804
0.0230744
0.032033
0.0254293
0.0230248
0.0229349
0.0230359
0.0228974
0.022946
0.0230089
0.0230687
0.0228399
0.0230907
0.0229727
0.0228003
0.022879
0.023043
0.0228601
0.0229234
0.0229192
0.0229807
0.0229251
0.0229578
0.0229403
0.0229391
0.0229903
0.0229049
0.0228183
0.0230556
0.0227989
0.0229131
0.0229341
0.0229139
0.0231321
0.0230397
0.0228541
0.0229788
0.0230343
0.0228164
0.0228563
0.022965
0.0228484
0.0230885
0.0228367
0.0233524
0.0252909
0.0231043
0.0228169
0.0228636
0.022927
0.0229183
0.0231627
0.0229076
0.0229427
0.0228707
0.0230026
0.0228045
0.0228803
0.0229231
0.0230645
0.0236654
0.0239558
0.0242908
0.0239874
0.0240078
0.195565
0.0254782
0.0253872
0.0253577
0.0253413
0.0253676
0.02548
0.0255579
0.0254084
0.0253512
0.0253155
0.0255807
0.0253657
0.0254173
0.0255
0.0289669
0.0254301
0.0253854
0.0253463
0.0253491
0.0255812
0.0253973
0.0254408
0.0254326
0.0253608
0.0253348
0.0253157
0.025324
0.0253949
0.0253678
0.0252779
0.0254921
0.0254515
0.0253143
0.025438
0.0253644
0.025408
0.0253915
0.0255077
0.0253075
0.0254655
0.0253936
0.0253546
0.0252688
0.0254497
0.0257403
0.0254714
0.0254264
0.0342247
0.025334
0.0253783
0.0253139
0.0253187
0.0254479
0.0254007
0.025493
0.0254331
0.0253315
0.0253757
0.0252652
0.0253127
0.0253377
0.0253394
0.0253296
0.0254222
0.0253262
0.025432
0.0253742
0.0254254
0.0253123
0.0255057
0.0253445
0.0254821
0.0253348
0.0253045
0.0253812
0.0254662
0.0253942
0.0255116
0.0254712
0.0254152
0.0255291
0.0259265
0.0258358
0.0263623
0.0264759
0.0266987
0.0281932
0.0267224
0.0265999
0.0267419
0.0266534
0.0267074
0.026866
0.191001
0.0256949
0.0256654
0.0256388
0.0255489
0.025634
0.0255541
0.0257224
0.0257023
0.025634
0.0255485
0.0256236
0.0254822
0.0255991
0.0257652
0.0254987
0.0255421
0.0256728
0.0255726
0.0256045
0.0256092
0.0258273
0.0256326
0.0256733
0.0655404
0.0262648
0.0268837
0.025662
0.0255726
0.0256689
0.02546
0.0254958
0.0255732
0.0256142
0.0257198
0.0255608
0.0255813
0.025587
0.0255104
0.0255518
0.0255647
0.0257225
0.0256758
0.0255354
0.0255423
0.025573
0.0256496
0.0255994
0.0255684
0.0257564
0.0255538
0.0255555
0.0255443
0.0257954
0.0255986
0.0256088
0.0256183
0.0258788
0.0255713
0.0255855
0.0255696
0.0254991
0.0256538
0.0255421
0.0255703
0.0256929
0.0255688
0.0260481
0.0258261
0.0260366
0.0259394
0.0263197
0.0262334
0.0267763
0.0269198
0.0267046
0.0268001
0.0270263
0.0267614
0.0268597
0.0271349
0.192374
0.0259905
0.0259804
0.0260025
0.0260303
0.0260693
0.0258744
0.0260154
0.0269189
0.0259861
0.0260221
0.0260319
0.026053
0.0260217
0.0259776
0.0259466
0.025898
0.0258858
0.026048
0.025946
0.0258888
0.0260019
0.0259231
0.0260093
0.0259688
0.0260234
0.0258554
0.0260416
0.0260946
0.0260444
0.0259716
0.0261433
0.0260063
0.0259453
0.0259259
0.0260318
0.0260735
0.0259965
0.0259199
0.026037
0.0261327
0.0259059
0.0261491
0.0259774
0.0259466
0.0260529
0.0309499
0.0261528
0.0260533
0.0261138
0.026051
0.0261266
0.0261445
0.0261046
0.0259936
0.0261001
0.0261599
0.0260914
0.0259615
0.0260808
0.0261226
0.0260157
0.026163
0.0261058
0.0260103
0.026019
0.0261326
0.0261615
0.0262701
0.0267335
0.0266556
0.026637
0.0270522
0.0271274
0.0272578
0.0275956
0.0271435
0.0273957
0.0275903
0.0274553
0.190892
0.0256093
0.0255496
0.0256679
0.0255365
0.0255981
0.0256445
0.025851
0.025306
0.0256204
0.0254834
0.0255979
0.0255193
0.0255643
0.0256501
0.0256041
0.0255762
0.0255462
0.0255567
0.0255823
0.0255506
0.0257119
0.0254677
0.0256005
0.0256517
0.025606
0.0255686
0.0257472
0.0255234
0.0256216
0.0254655
0.0357019
0.0253211
0.0255776
0.0256088
0.0258402
0.0254178
0.0256108
0.0255562
0.0255716
0.0255695
0.0255927
0.025625
0.0257388
0.0254296
0.0256089
0.0255623
0.0255976
0.0255658
0.0256166
0.025544
0.025758
0.0254708
0.0256304
0.025613
0.0256803
0.0254978
0.0256368
0.0255696
0.0257043
0.0255541
0.026102
0.0261154
0.0259832
0.0260116
0.0262705
0.0263306
0.0264123
0.0264564
0.0270336
0.0265637
0.0269471
0.0268929
0.0267825
0.027066
0.0273244
0.192857
0.0255832
0.0252001
0.025518
0.0255068
0.0255825
0.0254677
0.0254185
0.0254113
0.0254552
0.0254617
0.0254991
0.0254456
0.0253824
0.0253433
0.0254224
0.02529
0.0254794
0.025425
0.0255107
0.0262466
0.0266381
0.0255361
0.0255624
0.025264
0.0253282
0.0254145
0.025454
0.0253609
0.025402
0.0253527
0.0255884
0.0253403
0.0256219
0.025429
0.0254897
0.0252987
0.0252755
0.025469
0.0254637
0.0254308
0.0254323
0.0254616
0.0255204
0.025449
0.0254241
0.0253949
0.0254441
0.0254752
0.0255189
0.0253786
0.0254765
0.0253452
0.0254515
0.0254449
0.0254903
0.0256072
0.0259313
0.0258215
0.0299611
0.0258982
0.0258732
0.0261202
0.0261128
0.0262761
0.0260174
0.0262766
0.0264605
0.0266481
0.0265661
0.0268176
0.027013
0.192504
0.0261055
0.0256374
0.0258471
0.0256385
0.0257632
0.0257855
0.0256923
0.0257195
0.0258266
0.0257106
0.0257883
0.0258179
0.0256372
0.0257576
0.0256537
0.0255973
0.0257063
0.0258963
0.0281296
0.030647
0.0253428
0.0256429
0.0257962
0.0259264
0.0256347
0.0257782
0.025706
0.0256819
0.0258472
0.0252463
0.0256805
0.0258397
0.0257281
0.025738
0.0257011
0.0257598
0.0258015
0.0257186
0.0256758
0.0256957
0.0257828
0.0257904
0.0256939
0.0257145
0.0256247
0.0257933
0.0255959
0.0258847
0.0257367
0.025678
0.0256061
0.0285663
0.0286035
0.0255043
0.0256349
0.0258361
0.0260259
0.0259578
0.0260995
0.0261259
0.0262803
0.0263785
0.0265204
0.0265544
0.0268437
0.0267334
0.0268196
0.027115
0.0268755
0.0269695
0.193588
0.0253336
0.0255721
0.0254068
0.0254649
0.0254682
0.025439
0.0255665
0.0255339
0.0254949
0.0256741
0.0253486
0.0255206
0.0281655
0.0270896
0.0257529
0.0253552
0.0255496
0.02559
0.0253871
0.0255892
0.0252256
0.0255164
0.0256445
0.0254939
0.0255106
0.0254764
0.0254228
0.0255121
0.0254753
0.0254892
0.0254315
0.0256039
0.0254932
0.025705
0.0256802
0.0253311
0.0255734
0.0254349
0.0255543
0.0255254
0.0254446
0.0256293
0.0255024
0.0253534
0.0255729
0.0253924
0.0255728
0.0255912
0.0254273
0.025489
0.0255516
0.0276857
0.0254702
0.0255131
0.0255046
0.0254729
0.0255643
0.0258338
0.0258103
0.0260063
0.0262116
0.0263984
0.0261931
0.0268177
0.0265469
0.026738
0.0268769
0.0267978
0.0266984
0.0267657
0.192938
0.0253682
0.0254607
0.0255442
0.0257387
0.0254492
0.0255078
0.0287396
0.0269074
0.025229
0.0256463
0.0253508
0.0255817
0.0255423
0.0256496
0.0254649
0.0255124
0.0254533
0.0255391
0.025406
0.025641
0.0253985
0.0255779
0.0254603
0.0255412
0.0255279
0.0255041
0.0254564
0.0253865
0.0254438
0.025546
0.0253868
0.0254832
0.0256184
0.0253785
0.0254356
0.0255982
0.0253424
0.0255859
0.0255978
0.0256033
0.0255481
0.0254655
0.025479
0.0255139
0.0253818
0.0254059
0.0322691
0.0252904
0.0254787
0.0255291
0.0260721
0.0257618
0.025876
0.025827
0.0257577
0.0261899
0.0260226
0.0261863
0.0263303
0.0264019
0.0264834
0.0265423
0.0266673
0.0267915
0.193438
0.0261341
0.0257722
0.0258095
0.0256985
0.0258277
0.0257023
0.0256946
0.0258827
0.0256243
0.0259801
0.0254744
0.0257542
0.0301343
0.0304077
0.0256126
0.0258759
0.0258045
0.025919
0.025892
0.0254538
0.0256642
0.0258405
0.0251563
0.0257412
0.0257186
0.0257518
0.0258261
0.0256592
0.0256345
0.0256887
0.0257682
0.0258856
0.026177
0.0257527
0.0256848
0.0258179
0.0256964
0.0257996
0.0256624
0.0257228
0.0258211
0.0258653
0.0257692
0.0256321
0.0261174
0.0264533
0.0625901
0.0255446
0.0268941
0.0263267
0.0260391
0.0260362
0.0263708
0.0264611
0.0262856
0.026645
0.0264287
0.026981
0.0264894
0.194561
0.0252803
0.0254898
0.025624
0.0256186
0.025486
0.0254969
0.0255043
0.0257098
0.0256013
0.0254377
0.0256693
0.0254762
0.0255747
0.0256473
0.0255265
0.0255097
0.0289004
0.0259304
0.0255602
0.0255696
0.0255989
0.0257177
0.0254901
0.0257895
0.025418
0.0254475
0.0256121
0.0254765
0.02564
0.025713
0.0255329
0.0254827
0.0256244
0.025601
0.0255756
0.0257594
0.0255701
0.0257338
0.0255018
0.0256651
0.0254304
0.0254911
0.0256295
0.0254938
0.0260426
0.0258024
0.0257746
0.0259119
0.0261599
0.0262069
0.0258526
0.0261716
0.0263537
0.0263351
0.0263539
0.0342439
0.0267005
0.0265125
0.0266953
0.194157
0.0254488
0.0256348
0.0252808
0.0255873
0.0256178
0.0254713
0.0255281
0.0255522
0.0255036
0.0254873
0.0256104
0.0256949
0.0256087
0.0255169
0.0255488
0.0255858
0.0257103
0.0256221
0.0256325
0.025557
0.02571
0.0275212
0.0320484
0.0253654
0.0255681
0.0256089
0.0256648
0.0255799
0.0256935
0.0254589
0.0256123
0.025524
0.0255425
0.025565
0.0255319
0.025693
0.0254376
0.0255767
0.0255095
0.0254806
0.0257189
0.0254718
0.0256116
0.0255735
0.0254888
0.0260152
0.0260697
0.0258545
0.0261014
0.0259722
0.0258832
0.0262895
0.0265264
0.0263966
0.0265074
0.0267341
0.0265639
0.0269521
0.026854
0.196343
0.0257334
0.0255878
0.0256026
0.0254288
0.0256125
0.0254347
0.0257534
0.0256014
0.0256389
0.0255449
0.0254751
0.0256643
0.0255184
0.025553
0.0259698
0.0254638
0.0255794
0.0255002
0.0255215
0.0256019
0.0255647
0.0255412
0.02564
0.0255581
0.0255405
0.025604
0.0256574
0.0255766
0.0255786
0.0257136
0.0256317
0.0255151
0.0280296
0.0374782
0.0253138
0.0256183
0.0256356
0.0255785
0.0255178
0.025474
0.0254847
0.0255628
0.0252698
0.0257983
0.0255109
0.0256408
0.0256662
0.0261393
0.0260707
0.0261033
0.0263394
0.0262935
0.0265258
0.0266321
0.0266921
0.0268
0.0269085
0.0268239
0.0268431
0.0270007
0.197346
0.0258177
0.025646
0.0258019
0.0254663
0.0255848
0.0256202
0.0254835
0.0256152
0.0256517
0.025509
0.0258723
0.0255281
0.0256291
0.0254111
0.0255804
0.0256654
0.0255394
0.0256608
0.0255103
0.0254918
0.025579
0.025527
0.0255397
0.0255758
0.0254821
0.0256924
0.0254923
0.0256166
0.0255067
0.0254774
0.0255897
0.0255647
0.0256781
0.0255836
0.0255941
0.0254477
0.0260602
0.0300259
0.0253946
0.0257781
0.025616
0.0257017
0.02595
0.0258408
0.0259578
0.0262018
0.026028
0.0260576
0.0261895
0.0263263
0.0267657
0.0263914
0.0265021
0.0267369
0.0270083
0.0269252
0.195165
0.0267204
0.0256245
0.0259525
0.0257367
0.0258231
0.0256915
0.0258085
0.0261292
0.0255497
0.0258917
0.0262349
0.0255775
0.0290482
0.0257718
0.025778
0.0258327
0.0257097
0.0258438
0.0257648
0.0257313
0.0257279
0.0257543
0.025775
0.0257769
0.0253211
0.0257788
0.0258592
0.0258276
0.0256839
0.0256964
0.0258195
0.0256984
0.0258526
0.0259252
0.0256279
0.0257673
0.0258679
0.0257836
0.0257609
0.0257825
0.0257113
0.0264029
0.0259404
0.0302741
0.026281
0.0265095
0.0263293
0.0264386
0.0266558
0.0265455
0.0266175
0.0267175
0.0269974
0.026899
0.0269096
0.0274669
0.195069
0.0260056
0.0258301
0.0258677
0.0258047
0.0258122
0.0258754
0.025766
0.0259417
0.0259551
0.0257889
0.0258014
0.0258064
0.0258235
0.0258722
0.0259201
0.0257353
0.0259999
0.0257499
0.0300413
0.0259027
0.0257873
0.0258215
0.025819
0.0259836
0.0256218
0.0257694
0.0258606
0.0260356
0.0258293
0.0259099
0.0256827
0.0260094
0.0258274
0.0260614
0.0256758
0.0258184
0.0258464
0.0258179
0.0258229
0.025835
0.0258669
0.0258219
0.0262775
0.0262199
0.0260377
0.0261163
0.0263098
0.026302
0.0265887
0.0267703
0.0269732
0.0268302
0.0270071
0.0272469
0.0270784
0.0274641
0.197185
0.0258944
0.0257782
0.025782
0.0258889
0.0258343
0.0259507
0.0257615
0.0259387
0.0256697
