0.0130139
0.0121239
0.0122165
0.0122066
0.0121862
0.0122594
0.0122494
0.0123033
0.01237
0.0123071
0.0122918
0.0122684
0.012259
0.0122749
0.0122579
0.0122477
0.0123554
0.0122966
0.0122295
0.0123073
0.0122552
0.0122367
0.0122415
0.0123158
0.0124147
0.0122501
0.0123205
0.0122933
0.0122631
0.012281
0.0122122
0.0122843
0.0122545
0.0121717
0.012291
0.0123485
0.0122984
0.0122236
0.0122697
0.0122575
0.0122817
0.0122796
0.0122811
0.0122665
0.0123127
0.0122616
0.0123969
0.0122492
0.012259
0.012243
0.0122748
0.0124316
0.012307
0.0122402
0.0123922
0.0213404
0.0122043
0.0122945
0.0122744
0.0123635
0.0122176
0.0122324
0.0123123
0.0123224
0.0121441
0.01235
0.0122602
0.0121258
0.0121803
0.0123843
0.0121764
0.0122048
0.0122231
0.0122189
0.0122243
0.0122641
0.0122417
0.0121875
0.0122688
0.0122622
0.0121753
0.0122877
0.0121624
0.0121512
0.0122836
0.0122184
0.0124
0.0122983
0.0121598
0.0122961
0.0122484
0.012156
0.0121407
0.01221
0.0121287
0.0123955
0.0122442
0.0126222
0.0146006
0.0123602
0.0121664
0.012149
0.0122385
0.0121814
0.0123979
0.0122329
0.0121883
0.0121504
0.0122874
0.0121783
0.0121951
0.0122148
0.0122961
0.0122019
0.0121833
0.0121296
0.0120632
0.0120028
0.0162353
0.0148542
0.0148703
0.0148155
0.0147823
0.0148284
0.014866
0.0148487
0.0148357
0.0147267
0.0147534
0.0149004
0.0147695
0.0148331
0.0149188
0.0146871
0.0148355
0.0147739
0.0147888
0.0147769
0.0149939
0.0148004
0.0148821
0.0148397
0.0147554
0.0147245
0.014744
0.0147351
0.0147827
0.014757
0.014703
0.0148486
0.0148535
0.0147242
0.0148665
0.0147272
0.0147705
0.0148178
0.0149056
0.0147203
0.0149035
0.014783
0.0147482
0.0147372
0.0148901
0.0151252
0.0148538
0.014856
0.0148457
0.014769
0.0147932
0.0147793
0.0148063
0.0148065
0.0148497
0.0148843
0.0148534
0.0147872
0.0147925
0.0146638
0.0148016
0.0147267
0.0147915
0.0147477
0.0148192
0.0146932
0.0148682
0.014784
0.0148109
0.0148726
0.0148202
0.0147617
0.0149325
0.0147438
0.0147049
0.0148623
0.0148542
0.0147799
0.0149177
0.0148674
0.0148243
0.0149362
0.0148317
0.0149124
0.0149791
0.0148253
0.0147294
0.0157761
0.0148881
0.0146879
0.0148514
0.0148283
0.0148232
0.014797
0.0154068
0.0151274
0.0150526
0.0150686
0.0150308
0.0150365
0.0150251
0.0151908
0.0151282
0.0150973
0.0150175
0.0150315
0.0149594
0.0150382
0.0151535
0.015006
0.0149852
0.0150573
0.0150253
0.0150816
0.0150155
0.0152272
0.0150861
0.0150842
0.0512481
0.014974
0.0149973
0.0151424
0.0150136
0.0151141
0.0149745
0.0149428
0.015
0.0150294
0.0151576
0.0150292
0.0150261
0.0150325
0.0149398
0.0150091
0.0149892
0.0150181
0.0150761
0.0149928
0.0150076
0.0149718
0.0150303
0.0150379
0.0149917
0.0151996
0.015
0.0149799
0.0149763
0.0151968
0.0150979
0.015043
0.0150174
0.0149614
0.0149816
0.0150064
0.0150493
0.0149429
0.0149827
0.0150221
0.0150523
0.0150801
0.0149778
0.0150084
0.0149481
0.0149407
0.0149847
0.0150847
0.0149477
0.0149743
0.0150564
0.0149286
0.0149599
0.0150292
0.0150099
0.0149505
0.0149716
0.0155961
0.015459
0.0154015
0.0153884
0.0154161
0.0154518
0.015382
0.0154178
0.0155308
0.015447
0.0154675
0.0154431
0.015452
0.0154454
0.0154494
0.0154109
0.0154219
0.0153434
0.0154556
0.0154635
0.0153518
0.0154589
0.0153773
0.015425
0.0153675
0.0154677
0.0153545
0.0154737
0.0154984
0.015504
0.0154046
0.0154811
0.0153514
0.0154421
0.0154222
0.0154555
0.0155151
0.0154287
0.0153815
0.0155108
0.0155242
0.015421
0.0155899
0.0155075
0.0154239
0.0154537
0.020346
0.015599
0.0154996
0.0155312
0.0155165
0.015585
0.0155774
0.0155523
0.015467
0.0155074
0.0155459
0.0155028
0.0154575
0.0155466
0.0155738
0.0154922
0.0155602
0.0155612
0.0154629
0.0154921
0.0155518
0.0155254
0.0155602
0.0154592
0.0155298
0.0154145
0.0154849
0.0154949
0.0155076
0.0155101
0.0155056
0.0155561
0.015759
0.0155411
0.0151764
0.014328
0.0142977
0.0143838
0.0143672
0.0143725
0.014384
0.0146628
0.0143187
0.0143871
0.0143083
0.0143048
0.0142947
0.0142999
0.0143813
0.0143888
0.0143148
0.0143435
0.014354
0.0143571
0.0143391
0.0144812
0.0143181
0.0143704
0.0144203
0.0144272
0.0143615
0.0145184
0.0144085
0.0144513
0.0143567
0.0205658
0.014432
0.0143985
0.0144425
0.0146782
0.01442
0.0144188
0.014388
0.0143672
0.0143554
0.014389
0.0143854
0.0145175
0.0143567
0.0144013
0.0143491
0.0143746
0.0143846
0.0144017
0.0143425
0.0144844
0.0143882
0.014408
0.0144139
0.0144285
0.0144218
0.014422
0.0144171
0.0144915
0.0143845
0.014418
0.0143741
0.0144166
0.0144341
0.0143763
0.0145335
0.0145254
0.0143661
0.0145925
0.0144165
0.0143503
0.0143888
0.014305
0.0143402
0.0144188
0.0148661
0.0146338
0.0147222
0.0147008
0.014778
0.014664
0.0146755
0.0147034
0.0146906
0.0146844
0.0146481
0.0147106
0.014718
0.0146553
0.0146139
0.0146783
0.0146559
0.0147557
0.014637
0.0147254
0.0147119
0.0146819
0.0147135
0.0149158
0.0146579
0.0146541
0.014653
0.0147236
0.0146996
0.0146527
0.0146848
0.0148396
0.0147031
0.0148246
0.0147893
0.0148407
0.0146906
0.0146347
0.014751
0.0147286
0.014748
0.0147124
0.0147409
0.0147494
0.0147426
0.0147183
0.0146578
0.0146956
0.0146976
0.0147952
0.0147279
0.0147611
0.0146807
0.0147326
0.0147113
0.0147336
0.0148231
0.0147478
0.0148568
0.0147432
0.0147179
0.0146956
0.0146933
0.0146476
0.0147304
0.0147051
0.0146291
0.0146072
0.0146436
0.0145926
0.0146541
0.0146595
0.0145737
0.0147966
0.0147247
0.0148341
0.0147304
0.014766
0.0147461
0.0147527
0.0147195
0.0148246
0.0147086
0.0146742
0.0147582
0.0147454
0.0147778
0.0147703
0.0147377
0.0146736
0.0147857
0.0147427
0.0176429
0.0146464
0.0146995
0.0147357
0.0149369
0.0146999
0.0148101
0.0147466
0.0146748
0.0147286
0.0147582
0.0147517
0.014736
0.0147298
0.0147955
0.0147517
0.0147957
0.014818
0.0147437
0.0147111
0.0146686
0.01474
0.0147808
0.0147292
0.0146885
0.0146417
0.0147009
0.0146317
0.0147445
0.0147729
0.014769
0.0146963
0.0175248
0.0148743
0.0147588
0.0146896
0.0147948
0.0147779
0.0147234
0.014737
0.0147596
0.0147843
0.0148049
0.0147477
0.0147145
0.0148426
0.0146665
0.0146269
0.014806
0.0147083
0.0146942
0.0151615
0.0147584
0.0148291
0.0147747
0.0147261
0.0147085
0.0147135
0.0147598
0.0147688
0.0147821
0.0149588
0.0147271
0.0147653
0.014692
0.01482
0.0148313
0.0147121
0.0147662
0.0149069
0.0147479
0.0148682
0.0146492
0.01472
0.0148043
0.0147572
0.0147574
0.0147945
0.0147573
0.0147176
0.0146673
0.0147413
0.0147449
0.0148073
0.0147571
0.0149113
0.0149975
0.0147112
0.0147846
0.0146813
0.0147452
0.014751
0.0147198
0.0147786
0.0147779
0.0146736
0.0147428
0.014689
0.014755
0.0148344
0.0147939
0.0147747
0.0147981
0.0147394
0.0147228
0.0147448
0.0147097
0.0147298
0.01482
0.014719
0.0147721
0.014691
0.0147679
0.0147646
0.0146803
0.0147923
0.0146547
0.0147129
0.0146807
0.0147945
0.0147296
0.0147227
0.0146408
0.0145614
0.0145981
0.014643
0.0147278
0.0147811
0.0147203
0.0179116
0.0154925
0.0146276
0.0147336
0.0145805
0.0147038
0.014673
0.0146792
0.0146289
0.0146652
0.0146613
0.0146839
0.0145887
0.0147123
0.0145893
0.0146874
0.0146276
0.0146535
0.0147008
0.0147234
0.0146962
0.0146187
0.0147113
0.0146706
0.0146832
0.0146883
0.0147926
0.0146022
0.0146429
0.0147799
0.0146323
0.0146298
0.0145623
0.014694
0.0147233
0.014671
0.0146809
0.0146345
0.0146369
0.0145005
0.0192304
0.0146137
0.0146268
0.0146836
0.0147174
0.0146438
0.0146301
0.0146311
0.0145797
0.0146919
0.0145893
0.0146683
0.0146568
0.0146189
0.014589
0.0145906
0.0145984
0.0146441
0.014646
0.014802
0.0146998
0.0147667
0.0146668
0.0147883
0.0147156
0.0146691
0.0148318
0.0147124
0.0149981
0.0147697
0.0147101
0.0190932
0.0146799
0.0146313
0.0147071
0.014627
0.0147903
0.0149235
0.0146719
0.0146637
0.0147515
0.0146852
0.0147134
0.0146794
0.0146588
0.0146931
0.0146737
0.0146661
0.014639
0.0146261
0.0148026
0.0147129
0.0147202
0.0147521
0.0147318
0.0147481
0.0147476
0.0147548
0.0146278
0.0147448
0.0149261
0.0149024
0.0147369
0.0150023
0.0152541
0.0159852
0.0149908
0.0146854
0.0148158
0.014691
0.0146305
0.014697
0.0146525
0.0145965
0.0146718
0.0146135
0.0150038
0.0146405
0.0150821
0.0148411
0.0147584
0.0148258
0.0148352
0.0147948
0.0147582
0.0146941
0.0148129
0.0148876
0.0147286
0.0148404
0.0147097
0.0147475
0.0149025
0.0148156
0.0147873
0.0147171
0.0147626
0.0147554
0.0147568
0.0148328
0.0149222
0.0147602
0.0149575
0.0147755
0.0147677
0.0148052
0.0147236
0.0147784
0.0149461
0.0148438
0.014686
0.0147714
0.0148284
0.0147901
0.0149295
0.0147378
0.0148179
0.0147996
0.0148846
0.0147409
0.0147736
0.0147972
0.014779
0.0147975
0.0147419
0.0148534
0.014776
0.0147809
0.0149203
0.0147804
0.0148248
0.0147331
0.0146416
0.0145129
0.0176516
0.0146518
0.0146868
0.01471
0.0151638
0.0146895
0.0148075
0.0147339
0.0148065
0.0148045
0.0147186
0.0147462
0.0147586
0.0146446
0.0146346
0.014704
0.0148158
0.0147887
0.0147222
0.0147379
0.0147408
0.0148154
0.0148076
0.0148323
0.0146498
0.0147116
0.0147622
0.0176903
0.0146716
0.0147259
0.0147623
0.014807
0.0147533
0.0149089
0.0146956
0.0147636
0.0147067
0.0147335
0.0147681
0.0147694
0.0148392
0.0147365
0.0147504
0.0147574
0.0147011
0.0149173
0.0146957
0.0147065
0.0147286
0.0146373
0.0146928
0.0149692
0.0146912
0.0147165
0.014715
0.0146661
0.0147556
0.0147221
0.0147284
0.0146941
0.0147354
0.0146981
0.0147927
0.0146621
0.0167011
0.014861
0.0147609
0.0147787
0.0147083
0.0148116
0.0147384
0.0148875
0.0148874
0.0147716
0.0148082
0.0147183
0.0148565
0.0147988
0.0147597
0.0150785
0.0147757
0.0147866
0.0147434
0.0147994
0.0148452
0.0148143
0.0147806
0.0147788
0.0147667
0.0147854
0.014805
0.014801
0.0147694
0.0148412
0.0148252
0.0147901
0.0147846
0.0148301
0.0188529
0.0148447
0.0147591
0.0148432
0.0148446
0.0148373
0.0147518
0.0147569
0.0148018
0.0147672
0.0149813
0.0147683
0.0148754
0.0147665
0.0147584
0.0147976
0.0148019
0.0147716
0.0147524
0.0147765
0.0147199
0.0148094
0.0147523
0.0148006
0.0148158
0.0147847
0.0146875
0.0169185
0.0147792
0.0148305
0.0148686
0.014738
0.014805
0.0148261
0.0146802
0.0147435
0.0147956
0.0147386
0.0148959
0.0148194
0.0148725
0.0147174
0.0147323
0.0148061
0.0147975
0.0148922
0.0148274
0.0147708
0.0147697
0.0147804
0.0147605
0.0147477
0.014741
0.014896
0.0147677
0.0148172
0.0148112
0.014751
0.0148095
0.0148136
0.0149127
0.0147914
0.0148561
0.0146648
0.0147228
0.0187363
0.0148189
0.0148233
0.0147917
0.0148959
0.0147929
0.014806
0.0147809
0.0149026
0.0148142
0.0147607
0.0147845
0.0147248
0.0147525
0.0147531
0.0147303
0.0146614
0.0147994
0.0147749
0.0148627
0.0148097
0.0147373
0.0148185
0.0148258
0.0148497
0.0147786
0.0147829
0.0151048
0.0148876
0.0150464
0.0154898
0.0147743
0.0147942
0.0148149
0.0148134
0.0148865
0.014678
0.0147873
0.0147765
0.0148589
0.0148244
0.0148252
0.0148319
0.0147975
0.0147769
0.014797
0.0148318
0.0148675
0.0148085
0.0147499
0.0148387
0.0147589
0.0148263
0.0149662
0.0148294
0.0147955
0.014821
0.0147859
0.0147895
0.0148546
0.0148003
0.0149278
0.0147088
0.0188602
0.0148986
0.0147976
0.0148273
0.0148045
0.0148985
0.0147949
0.0147725
0.0147493
0.0148034
0.0147139
0.0147357
0.0148168
0.0149757
0.0149622
0.014786
0.0147992
0.014829
0.0148585
0.0148824
0.0147733
0.0148541
0.0149719
0.014861
0.0148436
0.0148274
0.0148222
0.0148682
0.0149557
0.0148639
0.0149053
0.014799
0.0148743
0.0149181
0.0148301
0.0148358
0.0148217
0.0150172
0.0147923
0.0147498
0.0148118
0.014844
0.0147642
0.0148929
0.0147444
0.0149074
0.0148927
0.0148734
0.0148546
0.0148237
0.0148843
0.0148612
0.0149196
0.0147942
0.014819
0.0148403
0.0148266
0.0148657
0.0148116
0.014832
0.0148478
0.0148151
0.0147452
0.0148875
0.015081
0.0147991
0.0148398
0.0149192
0.0148842
0.0148989
0.0164467
0.014872
0.0148112
0.0148065
0.0148753
0.0147829
0.014955
0.0148284
0.0149365
0.0148387
