0.00929846
0.0093385
0.0092935
0.00930179
0.00933213
0.00932998
0.00933238
0.00930272
0.00929638
0.00933488
0.00929805
0.00930672
0.00930218
0.00930192
0.00934157
0.00933104
0.00930941
0.00932784
0.0092905
0.00932925
0.00930848
0.00933187
0.00930144
0.00929907
0.0093304
0.00929619
0.00933229
0.00929738
0.00932973
0.0093367
0.00930278
0.00933258
0.00930301
0.00933446
0.00933827
0.00933792
0.00929901
0.00933053
0.00932541
0.00931939
0.00934182
0.00933907
0.00932339
0.00933155
0.0093033
0.00929699
0.00930131
0.00933421
0.00933542
0.00930691
0.00930378
0.00930394
0.00930448
0.00933501
0.00930278
0.00933293
0.00930464
0.00932819
0.00932992
0.00933174
0.00929811
0.00929939
0.0092984
0.00932998
0.00929958
0.00933712
0.00933347
0.00933491
0.0093304
0.00930173
0.00929286
0.009296
0.00929706
0.00933629
0.00933558
0.00929728
0.00929318
0.00933709
0.00934278
0.00929962
0.00929472
0.0093319
0.00929754
0.00932893
0.00929546
0.00928618
0.00929184
0.00934285
0.00933302
0.0092999
0.00933942
0.00929808
0.00930093
0.009332
0.00933488
0.00931306
0.00930541
0.0093359
0.00930304
0.00932861
0.00930502
0.00933482
0.00930294
0.00933299
0.00933715
0.00931034
0.00933971
0.00932998
0.00933018
0.00930733
0.00930586
0.00930653
0.00934432
0.0093447
0.00929616
0.00930026
0.00929907
0.00933328
0.00921245
0.00922
0.00919686
0.00921776
0.00921536
0.00920506
0.00923517
0.00921069
0.00921619
0.00922256
0.00921302
0.00920573
0.009212
0.00922182
0.00922448
0.00921037
0.00920458
0.00921309
0.00920138
0.00920714
0.00921949
0.00921184
0.00921152
0.00920755
0.00921549
0.00920883
0.00920726
0.00922403
0.00921366
0.00921296
0.00921306
0.00921315
0.00921738
0.00921267
0.0092191
0.00921194
0.00921485
0.00921824
0.00922208
0.00922842
0.0092135
0.00920838
0.0092049
0.00921043
0.0092017
0.00921603
0.00921046
0.00921443
0.00920867
0.00921174
0.00921171
0.00921222
0.00920646
0.00921018
0.00920358
0.00921238
0.0092288
0.00921158
0.00922
0.00922086
0.00921283
0.0092121
0.00920685
0.00920973
0.00920691
0.00920842
0.00920602
0.00922218
0.00923395
0.00918058
0.00921984
0.00921053
0.0092001
0.00921373
0.00922976
0.00920608
0.00921277
0.00920784
0.00920704
0.00921517
0.00920608
0.0092047
0.00920672
0.00922592
0.00921661
0.00921133
0.00921837
0.00921952
0.00921613
0.00921165
0.0092145
0.00921142
0.00921258
0.00921824
0.00919786
0.00918922
0.00919162
0.00917248
0.00916669
0.00919443
0.00917747
0.00919078
0.00918579
0.00918237
0.00917949
0.00918291
0.00916909
0.00918131
0.00918294
0.00918202
0.00918173
0.00919018
0.00918499
0.0091792
0.00919709
0.00918883
0.00918538
0.00919219
0.00918685
0.00918742
0.00918051
0.00918483
0.00919789
0.00919299
0.00918621
0.0091936
0.0091792
0.00920128
0.00918646
0.00918368
0.00919418
0.00918266
0.00919757
0.00919869
0.0091921
0.00918349
0.00920416
0.00922928
0.00916992
0.00919565
0.00918496
0.00918806
0.00918426
0.00920054
0.00920995
0.00919405
0.00918522
0.0091912
0.00918646
0.00918589
0.00919146
0.00919414
0.00919024
0.00919971
0.00919322
0.0092048
0.00919869
0.0091935
0.00919098
0.00917706
0.00918426
0.00917962
0.00919616
0.00918144
0.00919846
0.00919203
0.00917718
0.0091936
0.00918211
0.00917904
0.00917302
0.0091848
0.009188
0.00919485
0.0091983
0.00918026
0.00917616
0.00917651
0.00917584
0.00918877
0.00918477
0.00917546
0.00917744
0.0091895
0.00919885
0.00917299
0.00918125
0.00918355
0.00917619
0.00917363
0.00917613
0.00917574
0.00917555
0.00917475
0.00917334
0.00917136
0.00917414
0.00917386
0.0091912
0.00918378
0.00917466
0.00917667
0.00918099
0.0091793
0.00917523
0.00917731
0.00917037
0.00918301
0.00916858
0.0091799
0.00918051
0.00917824
0.00918166
0.00917392
0.00916122
0.00917053
0.00917082
0.00917517
0.00917722
0.00918214
0.00917626
0.0091865
0.00916938
0.00918272
0.00917834
0.00917302
0.00917542
0.00917107
0.00917283
0.009168
0.00917296
0.00916816
0.00917923
0.00917907
0.00917718
0.00917306
0.00918234
0.0091751
0.00917549
0.00917619
0.00916963
0.0091679
0.00917056
0.00917344
0.00917971
0.00917379
0.00916944
0.00917747
0.00916589
0.00917571
0.00919203
0.00914854
0.00918742
0.00917962
0.00916842
0.00917437
0.00917594
0.00917562
0.00918166
0.00917235
0.00918915
0.0091728
0.00918266
0.00917802
0.0091729
0.00917059
0.00917238
0.00917187
0.0091823
0.00918077
0.00917014
0.00918768
0.00917325
0.00917146
0.00917165
0.00918
0.0091735
0.00916755
0.00917232
0.00917693
0.00917645
0.00917318
0.00917155
0.00917142
0.00917107
0.00917466
0.0091688
0.00916637
0.00917622
0.00916813
0.00916435
0.0091679
0.00918093
0.00917043
0.00916797
0.00917427
0.00916838
0.00918778
0.0091919
0.00918451
0.009176
0.00917363
0.00917162
0.009168
0.00917338
0.00917555
0.00918371
0.00917306
0.00916602
0.00917117
0.00917958
0.00917149
0.00916707
0.00917382
0.00917347
0.00917853
0.00917075
0.00917171
0.00917242
0.0091735
0.00917638
0.0091776
0.00917798
0.00916707
0.00918003
0.00918054
0.00916912
0.00916752
0.0091744
0.00917552
0.00917408
0.0091689
0.00917366
0.00917062
0.00917843
0.00917709
0.00917824
0.00917178
0.00917469
0.00917856
0.00917568
0.00917552
0.00916493
0.00917248
0.0091769
0.00917149
0.00917126
0.009164
0.00918874
0.0091697
0.00918304
0.0091815
0.00917741
0.00918038
0.00916646
0.00917392
0.00916797
0.00916976
0.00917914
0.00917786
0.00917997
0.00917718
0.00917206
0.00918134
0.00917818
0.00917587
0.00916989
0.0091728
0.00917235
0.00917184
0.00917616
0.00917046
0.00917469
0.00917821
0.00917091
0.00917066
0.00917539
0.00917795
0.00919021
0.00918182
0.00917786
0.00917526
0.00916656
0.00917158
0.00915258
0.00917754
0.00917261
0.00918451
0.0091745
0.00915757
0.00917706
0.00917686
0.00914509
0.00917702
0.00917299
0.00918352
0.00918096
0.00919043
0.00918563
0.00917187
0.00917094
0.00916589
0.00918342
0.00917533
0.00916787
0.00916176
0.00917475
0.00916822
0.0091535
0.00917622
0.00917136
0.00916656
0.00917389
0.00916922
0.00916678
0.00917427
0.00916253
0.00917786
0.00918579
0.00917869
0.00917101
0.00916954
0.00917098
0.00917248
0.00917766
0.00917107
0.00916317
0.00916112
0.00916202
0.0091664
0.00917456
0.00917238
0.00917907
0.00916934
0.00916422
0.00916854
0.00917747
0.00917075
0.00916784
0.00916816
0.00917782
0.00917494
0.00917354
0.00916477
0.00917117
0.0091767
0.00917862
0.00916755
0.00916986
0.00917331
0.00917018
0.00918013
0.00917248
0.00917728
0.00918586
0.00916275
0.00917222
0.00917082
0.00917043
0.00917706
0.00917066
0.0091719
0.0091713
0.00917718
0.00917702
0.00916675
0.00917824
0.00916765
0.00917197
0.00915885
0.00916182
0.00916461
0.00916326
0.00916611
0.00917939
0.00917171
0.00917299
0.00917414
0.00917187
0.00918016
0.00916784
0.00917443
0.00917462
0.00917421
0.00917248
0.0091792
0.00916867
0.00917194
0.00918458
0.00916285
0.0091744
0.00916774
0.00918211
0.00917376
0.00917267
0.00916765
0.00917392
0.00917926
0.00917082
0.00917514
0.00916518
0.00917098
0.00916454
0.0091783
0.00916381
0.00917523
0.00918576
0.00915898
0.00918874
0.00917773
0.00917971
0.00918131
0.00917594
0.00917117
0.00918109
0.00917677
0.00917594
0.00917216
0.00916531
0.00917722
0.00917706
0.00918006
0.00918067
0.00917699
0.00917683
0.00917533
0.00917786
0.00917558
0.00917478
0.00918326
0.00916838
0.00918208
0.00917798
0.00918387
0.00918048
0.0091847
0.00917731
0.0091817
0.00916573
0.00917926
0.00916749
0.00917408
0.00916682
0.00918154
0.00916093
0.0091791
0.00916576
0.00917366
0.00916899
0.00918246
0.00916954
0.00916426
0.00916477
0.0091631
0.00918624
0.00917318
0.00916608
0.009164
0.00918141
0.00916211
0.00916554
0.00916637
0.00916259
0.00916141
0.00916896
0.00916742
0.00917882
0.00917008
0.00916755
0.00917414
0.00916483
0.00915824
0.0091697
0.0091657
0.009164
0.00916531
0.00916237
0.00916346
0.00917158
0.00916749
0.00916403
0.00917366
0.00916272
0.00916381
0.00917229
0.00917408
0.0091664
0.00917011
0.00916691
0.0091816
0.00917302
0.0091511
0.00916381
0.00917414
0.0091736
0.00916784
0.00918035
0.00916659
0.00916813
0.00915642
0.00916371
0.00917232
0.00917126
0.0091608
0.00917453
0.00916352
0.0091736
0.00916378
0.00916525
0.00916723
0.00915482
0.00915782
0.00914771
0.00915312
0.00915667
0.00914006
0.00914429
0.00915142
0.00914998
0.00914973
0.00915747
0.00913373
0.0091495
0.00915043
0.00915248
0.00915536
0.00915299
0.00916323
0.00915088
0.00918141
0.00916797
0.00915766
0.009148
0.00915139
0.00916314
0.00914358
0.00915101
0.00914774
0.00914726
0.00915037
0.00916086
0.00914822
0.00915117
0.00915562
0.00915517
0.00915136
0.00914867
0.00914528
0.00915213
0.00914266
0.00914547
0.00915296
0.00915014
0.00915418
0.0091559
0.00918582
0.00917264
0.00916106
0.00916534
0.00915946
0.00916186
0.00915744
0.0091479
0.00917059
0.0091657
0.00915482
0.00915402
0.00915312
0.0091727
0.00915264
0.00915018
0.00915843
0.00916672
0.00917238
0.00915446
0.00915635
0.00913072
0.00915203
0.00915456
0.00914982
0.00915139
0.00916202
0.0091577
0.00914755
0.0091711
0.00915907
0.00914294
0.00916208
0.00916925
0.00916256
0.00915824
0.00914608
0.00915485
0.00916778
0.00915789
0.0091601
0.00915072
0.00914726
0.0091497
0.00916214
0.00915856
0.00915296
0.00916422
0.0091591
0.00915072
0.00917062
0.00915453
0.0091559
0.00917213
0.00915238
0.00915088
0.00915805
0.00916138
0.0091624
0.0091767
0.00915107
0.0091569
0.00915104
0.00915344
0.0091593
0.00915808
0.00916285
0.00916051
0.00916666
0.00916672
0.00914758
0.00914061
0.00917792
0.00913661
0.00916019
0.00916883
0.00916138
0.00915645
0.0091432
0.00915872
0.00916864
0.00915498
0.00915434
0.00916166
0.00916154
0.00915066
0.00916634
0.00916173
0.00916026
0.00915354
0.00916109
0.00916531
0.00915696
0.00915853
0.00916822
0.00915504
0.00915363
0.00915715
0.00915168
0.00915229
0.0091641
0.00916109
0.00916723
0.00915075
0.00915402
0.00915718
0.00915405
0.00916166
0.00915472
0.00915642
0.00916618
0.00916678
0.00915878
0.0091648
0.00915651
0.00916778
0.00916125
0.0091576
0.0091559
0.00915626
0.00915037
0.00914928
0.00916173
0.00915347
0.00917798
0.0091575
0.00915459
0.00915334
0.00916064
0.00916512
0.00914941
0.0091623
0.00915968
0.00915779
0.00914694
0.00914758
0.00916598
0.0091639
0.00915683
0.00917053
0.00916826
0.00916029
0.00916115
0.00915232
0.00915706
0.0091544
0.00915958
0.00916112
0.0091559
0.00916634
0.00915875
0.00916413
0.00916
0.00918035
0.00916115
0.00915869
0.00914893
0.00916794
0.00915914
0.00915875
0.00916899
0.00915203
0.00914845
0.00917293
0.0091624
0.00916592
0.00916726
0.00914797
0.00916589
0.00918227
0.00916112
0.00913504
0.00915859
0.00915994
0.0091592
0.00916867
0.0091631
0.00916218
0.00916845
0.00916381
0.00915981
0.0091671
0.00915619
0.00916339
0.00915731
0.00916579
0.00916138
0.00915875
0.00915302
0.00917955
0.00916928
0.0091697
0.00916282
0.00916624
0.00917158
0.00915744
0.00917763
0.00915302
0.00916317
0.00916851
0.00915856
0.00916944
0.00916384
0.00914835
0.00916397
0.00915389
0.00916915
0.00916627
0.00916566
0.00915875
0.00915706
0.00916192
0.00917027
0.00916918
0.00916019
0.00916509
0.00915955
0.00916006
0.00917181
0.00915862
0.00916947
0.0091305
0.00915664
0.00916227
0.00916758
0.00916528
0.00916099
0.00913667
0.00915805
0.0091704
0.00916394
0.00917584
0.00915757
0.00916867
0.00915328
0.00916154
0.00916266
0.00915398
0.00916589
0.00916611
0.00916605
0.00915773
0.00917034
0.00915437
0.00916058
0.00916723
0.00915706
0.00912621
0.00915872
0.00915987
0.0091649
0.00916461
0.00916624
0.00916202
0.00916016
0.00915238
0.00916554
0.00916112
0.00915581
0.00915693
0.00915872
0.00916976
0.00916118
0.00916931
0.00915917
0.0091567
0.00915398
0.00914864
0.0091617
0.00916858
0.00915494
0.0091624
0.00915856
0.00912506
0.00915373
0.0091505
0.00916701
0.0091617
0.00916326
0.00916419
0.00915693
0.00916163
0.00915331
0.00915437
0.00914973
0.00915587
0.00916093
0.00916944
0.00915802
0.00916061
0.00914646
0.00914874
0.00916749
0.00915562
0.00917142
0.00915882
0.0091752
0.00915443
0.00915357
0.00916544
0.00915363
0.00915888
0.00916563
0.00915795
0.00915184
0.0091559
0.0091273
0.00916304
0.0091529
0.00915318
0.009156
0.00916384
0.00915821
0.00916064
0.00916067
0.00915619
0.00916803
0.00916662
0.00916288
0.00917184
0.00915782
0.00916998
0.00915443
0.00916154
0.00915056
0.00916413
0.00916528
0.00916749
0.00916602
0.00916435
0.00916915
0.00915869
0.00915462
0.00916749
0.00917142
0.00917168
0.00916166
0.00916445
0.0091584
0.00915856
0.00916307
0.00914867
0.00916045
0.00915811
0.00916909
0.00916282
0.00915757
0.00915837
0.00917306
0.00915981
0.00916576
0.00915462
0.00915706
0.00915802
0.00915971
0.00916186
0.0091568
0.00915846
0.00916758
0.00916259
0.00916598
0.00917216
0.0091592
0.00915222
0.00917126
0.00916125
0.00916128
0.0091712
0.00917056
0.00917498
0.00915984
0.00917277
0.00916096
0.00917875
0.00915923
0.00917312
0.00916426
