0.00872326
0.00870818
0.00871175
0.00871401
0.00874179
0.00871136
0.00871409
0.00872023
0.00871927
0.0087132
0.00872355
0.00873032
0.0087194
0.0087055
0.00871763
0.00871223
0.00872666
0.00870742
0.00871756
0.00873236
0.00871664
0.00873203
0.00871097
0.00871872
0.00872877
0.00871855
0.00871802
0.00872134
0.00871635
0.00871519
0.00872104
0.00872836
0.00871331
0.00870573
0.00874274
0.00872507
0.0087075
0.0087094
0.00870886
0.0087213
0.00871246
0.00870748
0.00872163
0.00874656
0.008713
0.00870939
0.00872168
0.00872402
0.00870329
0.00871729
0.00873355
0.0087247
0.00870673
0.00870738
0.00872409
0.00872211
0.00871435
0.00872643
0.0087244
0.00871962
0.00870433
0.00871282
0.00871873
0.00871475
0.00873431
0.00871748
0.00873934
0.00870677
0.0087135
0.00872857
0.00872835
0.00871299
0.00872231
0.00873971
0.00871432
0.00872251
0.0087114
0.00872546
0.00872265
0.00879662
0.00879896
0.00885568
0.00870439
0.00871119
0.00872528
0.00872271
0.00872082
0.0087139
0.00871993
0.00872095
0.00871154
0.00870903
0.008721
0.00872808
0.00871776
0.00870258
0.00872643
0.00872531
0.00872656
0.00875404
0.00871077
0.00871003
0.00872377
0.00872186
0.00870409
0.00871689
0.00872511
0.00871951
0.00872411
0.00872184
0.00872453
0.00870961
0.00871654
0.0087042
0.00870378
0.00870194
0.00870573
0.00869748
0.00859649
0.00858617
0.00861306
0.0086004
0.00859
0.00860623
0.00859614
0.00861098
0.00859885
0.00861079
0.00860316
0.00859926
0.00858224
0.00860311
0.00860798
0.00860337
0.00860556
0.00859519
0.00858498
0.00861148
0.00860045
0.0085831
0.00860335
0.00860983
0.00860203
0.00860664
0.00859073
0.00861011
0.00860068
0.0085895
0.00860061
0.00861511
0.00859119
0.00859862
0.00860399
0.00860229
0.0085963
0.00861104
0.00860058
0.00859329
0.00860958
0.00859976
0.00859065
0.00861783
0.00860236
0.00860885
0.00861196
0.00861405
0.00861917
0.00860151
0.00860096
0.00860792
0.00860717
0.00860909
0.00859849
0.00858868
0.00862853
0.00859501
0.00858236
0.00859901
0.00860791
0.00858347
0.0086074
0.00860281
0.00858815
0.00861526
0.0086064
0.00859888
0.00862171
0.00859257
0.00859541
0.00860772
0.00862434
0.00858642
0.0086046
0.00859235
0.00859193
0.00864141
0.00858715
0.00860705
0.00860288
0.0085969
0.00862612
0.00858746
0.00859677
0.00859297
0.00861227
0.0086007
0.00861362
0.00860395
0.00858308
0.00860344
0.00859423
0.00858824
0.00848262
0.00848355
0.00849288
0.00848373
0.0084926
0.0084936
0.00849871
0.00849936
0.0084667
0.00856322
0.0084996
0.00848855
0.00850275
0.00847878
0.00851145
0.00847709
0.00848175
0.00848751
0.00849432
0.00849629
0.00848596
0.00848913
0.00849057
0.00848049
0.0127725
0.00850176
0.00848814
0.00848224
0.00847955
0.00849257
0.00849188
0.00847928
0.00846503
0.00848806
0.00847291
0.00848573
0.00847763
0.00846889
0.00848968
0.00847319
0.00847063
0.00847434
0.00848079
0.00848314
0.00849489
0.00847787
0.00847016
0.00849584
0.00847904
0.00850499
0.00847529
0.00848076
0.00849392
0.00845559
0.00849513
0.00846638
0.00848102
0.00849499
0.00848548
0.00849237
0.00847609
0.00848595
0.00849183
0.0084807
0.00847734
0.0084847
0.00848807
0.00848721
0.00848038
0.00849509
0.00848722
0.00848446
0.0084937
0.00849648
0.00847556
0.00848824
0.00847704
0.00849094
0.00850885
0.00851355
0.00848969
0.00850161
0.0085139
0.0085191
0.0085152
0.00850286
0.00850759
0.00850391
0.00852692
0.00868035
0.00850671
0.0085177
0.0084985
0.00851304
0.00853511
0.0085203
0.00850151
0.00853859
0.00851141
0.00851433
0.0085095
0.00852115
0.00849817
0.00851282
0.00850362
0.00851694
0.00850154
0.00851784
0.00850608
0.00851563
0.00850893
0.00851261
0.00848742
0.00851737
0.00850089
0.00852067
0.00850737
0.00851958
0.00850574
0.00849827
0.00850603
0.0085253
0.00851032
0.008514
0.00852499
0.00851706
0.00850164
0.00851048
0.00849776
0.00851762
0.00850182
0.00851328
0.00851433
0.00850892
0.00850553
0.00850381
0.00851644
0.00851026
0.00851071
0.00850236
0.00851503
0.0084991
0.00852931
0.00851202
0.00856414
0.00849659
0.00851305
0.0085074
0.00850347
0.00852341
0.00850492
0.00850699
0.00851917
0.00851436
0.0084919
0.00851696
0.0085109
0.00851813
0.00849724
0.00850041
0.00852694
0.00859145
0.00859353
0.008606
0.00858476
0.00860049
0.00860269
0.00859096
0.00859641
0.00858219
0.00860102
0.00858939
0.00858545
0.00863215
0.00858667
0.00862105
0.00860566
0.00867351
0.00860857
0.0085851
0.00859877
0.00861263
0.0085841
0.0086168
0.00860326
0.0086183
0.00859884
0.00858447
0.00860756
0.00858961
0.00858764
0.00860638
0.00860782
0.00860471
0.00860264
0.00859417
0.00857979
0.0086061
0.00858789
0.00860443
0.008607
0.00860633
0.00859591
0.00859673
0.00860588
0.00859499
0.00858458
0.00859578
0.00860424
0.0085952
0.00860134
0.00859859
0.00862396
0.00864861
0.008616
0.00860227
0.00858939
0.0086039
0.00857006
0.00860563
0.00859387
0.00858487
0.00859593
0.00858992
0.00859683
0.00859193
0.00858645
0.00859875
0.0085943
0.00860223
0.00859163
0.00860521
0.00860091
0.00860769
0.00858957
0.00861865
0.00861028
0.00866151
0.00866899
0.00868738
0.00867119
0.00867378
0.00874605
0.00865511
0.00866955
0.00867365
0.00868558
0.00867686
0.00868793
0.00868064
0.00870131
0.00867166
0.00867777
0.00866708
0.00868968
0.00868876
0.00867773
0.00868034
0.00868246
0.00866676
0.00867863
0.0086731
0.00871309
0.00867701
0.00868732
0.00869601
0.00867593
0.0086612
0.00868963
0.00867266
0.00869835
0.00867548
0.0086721
0.00868236
0.00867944
0.0086622
0.00869306
0.00867488
0.0086678
0.00867736
0.00871513
0.0086813
0.00867875
0.00866282
0.00869829
0.00867073
0.00870052
0.00868679
0.00866146
0.00866351
0.00870239
0.00867881
0.00864797
0.00867927
0.00867177
0.00866221
0.0086755
0.00871763
0.00867303
0.00869162
0.00867675
0.00868841
0.00867544
0.008679
0.00868129
0.00866111
0.00868693
0.00866646
0.00866743
0.00872337
0.00873597
0.00871232
0.0087472
0.00880027
0.00874097
0.00871805
0.00873414
0.00873121
0.008745
0.00873823
0.00871061
0.00874079
0.00874582
0.00873059
0.00871898
0.00872526
0.00874906
0.00872423
0.00872867
0.00875321
0.00873348
0.00873164
0.0087389
0.00873402
0.00873466
0.00872288
0.00873321
0.00870816
0.00873889
0.00876134
0.00873075
0.00872445
0.0087304
0.0087443
0.00871913
0.00878615
0.00873129
0.00875125
0.00872022
0.00872671
0.00872511
0.00873897
0.00872419
0.00871325
0.00874377
0.00872568
0.0087271
0.0087366
0.00871214
0.00874331
0.00872614
0.00869662
0.0087533
0.00871135
0.00871848
0.0087452
0.00873604
0.00873469
0.00870712
0.00872429
0.00871306
0.00872859
0.00873099
0.00870802
0.00872975
0.00873456
0.00873642
0.00872934
0.00874706
0.00874956
0.00878146
0.00878051
0.00877893
0.00878098
0.00878545
0.00878446
0.00878344
0.00879033
0.00878591
0.00878398
0.00881244
0.00878178
0.00878777
0.00877344
0.0087971
0.00878383
0.00877658
0.00877781
0.00877595
0.00876804
0.00878982
0.00879114
0.00877805
0.00878517
0.00878466
0.00876783
0.00878051
0.00877932
0.00879476
0.00879433
0.00877208
0.00878617
0.00878146
0.00877547
0.00878176
0.00877578
0.00883289
0.00878475
0.00878126
0.00879156
0.00878732
0.00876799
0.00879445
0.00876802
0.00879966
0.0087749
0.00876986
0.00878594
0.00877041
0.00875897
0.00878995
0.0087793
0.00878253
0.0087983
0.00879879
0.00876813
0.0087994
0.00878932
0.00877158
0.00878282
0.00876974
0.00879561
0.0087731
0.00879331
0.00877989
0.00877872
0.00877838
0.00880867
0.00878471
0.00879248
0.00879013
0.00882696
0.00882708
0.00884573
0.00881756
0.0088346
0.00883307
0.00881828
0.00882279
0.00881515
0.00883252
0.00882495
0.00883543
0.00883136
0.00882394
0.00882339
0.00884559
0.00882593
0.00882492
0.00882693
0.00881769
0.00883387
0.00881795
0.00884007
0.00884434
0.00884204
0.00884229
0.00882356
0.00881141
0.00885316
0.00881667
0.0088301
0.00889157
0.00884879
0.00882323
0.00883023
0.00882487
0.00885545
0.00884152
0.00882158
0.0088393
0.00883209
0.00883259
0.00882297
0.00883394
0.00885531
0.0088207
0.0088188
0.00900088
0.00884061
0.00882826
0.00883289
0.00881513
0.00882527
0.00882838
0.0088133
0.00883284
0.00881128
0.0088342
0.00882266
0.00883989
0.00883327
0.00882273
0.00883487
0.00886392
0.00882725
0.00888559
0.00888388
0.00889195
0.00891918
0.00888129
0.00888362
0.00887256
0.00890067
0.00887403
0.00888591
0.0088775
0.00889059
0.00887216
0.00889372
0.00889134
0.00886985
0.00888411
0.00887597
0.00890901
0.00887608
0.00887826
0.0088746
0.00888318
0.00889166
0.00888677
0.00888009
0.00888015
0.00889182
0.0089051
0.00888975
0.00893592
0.00887202
0.00889993
0.00887628
0.00888449
0.00888714
0.00888868
0.00886255
0.00888485
0.00889536
0.0088819
0.0088978
0.00887352
0.00888651
0.00887537
0.0088978
0.00887082
0.0444026
0.00891968
0.00888206
0.00889898
0.00888115
0.00888248
0.00888065
0.00888611
0.00887344
0.00887228
0.00888686
0.00888113
0.00888145
0.00933895
0.00895278
0.00896118
0.00892149
0.0089292
0.00892773
0.00892548
0.00891232
0.00892856
0.00892133
0.008935
0.00891959
0.00891255
0.00892597
0.00891994
0.0089367
0.008936
0.00890921
0.00893513
0.00892801
0.00892213
0.00893171
0.00893063
0.00893739
0.00892702
0.00891521
0.00894228
0.00890486
0.00892582
0.00892638
0.0089295
0.00892367
0.00896755
0.00892708
0.00893922
0.0089215
0.00894627
0.00890871
0.00895356
0.00895968
0.00895422
0.00893318
0.00891394
0.0089295
0.00891814
0.00893515
0.0089324
0.00891377
0.00892243
0.00890939
0.00893394
0.0089163
0.00891543
0.0089183
0.00890874
0.00892948
0.00890688
0.00895738
0.00891052
0.0089165
0.00897086
0.00895461
0.00894959
0.00897439
0.00896837
0.00895872
0.00896773
0.00896415
0.00898953
0.00895437
0.00894494
0.00896663
0.00895761
0.00895878
0.00896293
0.00896344
0.00896832
0.00895859
0.00896187
0.00896955
0.00895898
0.00897062
0.00896337
0.00895506
0.00896698
0.00895597
0.00897051
0.00896887
0.00897973
0.00895871
0.00895448
0.00896841
0.00894849
0.00897339
0.00896108
0.00896206
0.00896183
0.00901102
0.00896682
0.00896638
0.00896043
0.00897658
0.0089502
0.0089663
0.00897449
0.00895876
0.00895616
0.0089606
0.00898552
0.00895202
0.00895228
0.00896443
0.00895772
0.00896466
0.00896314
0.00895147
0.0089579
0.00895451
0.00898319
0.00896703
0.00900183
0.00900122
0.00899911
0.00901877
0.00898882
0.00898963
0.00899814
0.00898923
0.00898637
0.00898392
0.00898595
0.00899181
0.00897841
0.00899855
0.00898691
0.00898674
0.00899237
0.00900289
0.00899969
0.0089747
0.00898653
0.00898799
0.00898264
0.00900227
0.0089945
0.00897257
0.00900638
0.00897701
0.00899894
0.00899608
0.00897665
0.00897526
0.00898816
0.00897832
0.0126536
0.0089929
0.00898809
0.00899403
0.00897382
0.00898792
0.0090128
0.00897667
0.0089952
0.00900464
0.00899705
0.00900237
0.00898911
0.00898222
0.00898703
0.00900211
0.00901298
0.00900478
0.00898438
0.0089899
0.00899868
0.00898219
0.00899196
0.00899555
0.00897462
0.00899926
0.00898904
0.00901977
0.00903689
0.00901726
0.00905193
0.00904201
0.00901258
0.00904113
0.00904173
0.00902749
0.00903318
0.00901559
0.00903693
0.00903313
0.00904529
0.00902836
0.00904143
0.00905105
0.00904552
0.00902751
0.00903784
0.00902248
0.00904116
0.00901572
0.00902422
0.00904177
0.00902446
0.00903076
0.00903622
0.00902755
0.00903531
0.00902584
0.00903231
0.00902712
0.00900946
0.00903467
0.00902515
0.0090206
0.00901891
0.00920897
0.00903713
0.00901946
0.00903829
0.0090439
0.00903837
0.00901909
0.0090406
0.00903517
0.0090394
0.00902761
0.00903511
0.00902056
0.00904699
0.00902695
0.00901691
0.00903035
0.0090885
0.00903488
0.00904899
0.00906562
0.00904872
0.00905831
0.00905165
0.00906625
0.00906076
0.00904661
0.00906325
0.00905596
0.0090521
0.00904725
0.00906327
0.00906944
0.00906613
0.00904686
0.00903243
0.00906192
0.00904471
0.00907802
0.00905531
0.00905939
0.00904598
0.00903985
0.00906655
0.00904361
0.0090466
0.00905843
0.00905983
0.00906938
0.00905315
0.00906095
0.00903623
0.00906872
0.00906115
0.0090505
0.00905081
0.00905943
0.00906844
0.00906079
0.00905339
0.00904614
0.0090582
0.00905454
0.0090441
0.0090533
0.00906216
0.00907396
0.00906374
0.00905543
0.0090587
0.00903761
0.00905103
0.00908145
0.00905087
0.00903451
0.00903984
0.00909578
0.00907849
0.00908375
0.00911721
0.00908784
0.00907385
0.00906694
0.00907048
0.00908394
0.00910193
0.00907846
0.00907485
0.00907888
0.00908098
0.0090629
0.00907533
0.0090576
0.00908359
0.00907496
0.00908256
0.00906675
0.00907879
0.00907291
0.00908104
0.00908377
0.00907455
0.00907945
0.00906213
0.00908124
0.00907286
0.00908359
0.00907462
0.00908169
0.00908233
0.00909805
0.00907822
0.00908767
0.00907261
0.00907157
0.00907828
0.00908122
0.00908377
0.00907088
0.00907155
0.00907265
0.00907554
0.00906735
0.00907561
0.00907129
0.00907046
0.00907297
0.00908007
0.00907667
0.00905702
0.00907246
0.00908703
0.00907917
0.00910415
0.00910588
0.00911951
0.00911163
0.00912643
0.00910392
0.00910481
0.00910886
0.00910237
0.00910172
