0.0099669
0.00998167
0.0099371
0.00993893
0.00996544
0.00997094
0.00996339
0.00992887
0.00993655
0.00997533
0.00992783
0.00993882
0.00993199
0.00993772
0.00997846
0.0099635
0.00994174
0.00997054
0.00991794
0.00995967
0.00993984
0.00996676
0.00992792
0.00992602
0.00996803
0.00992623
0.00997185
0.00992407
0.00995836
0.00997384
0.00992815
0.00995606
0.00993215
0.00996626
0.00997095
0.009969
0.00993265
0.00997391
0.00996085
0.00995957
0.00997293
0.00997286
0.00995673
0.00996018
0.00993761
0.00992606
0.00992845
0.0099664
0.00996884
0.00994594
0.00993801
0.00993685
0.00994425
0.0099769
0.0099358
0.00996691
0.00993679
0.00996124
0.00996325
0.00996531
0.00993216
0.00993402
0.00992321
0.00996167
0.00993092
0.00996608
0.00995899
0.00997574
0.00996814
0.00993717
0.00993024
0.00993767
0.00992704
0.00997282
0.00997441
0.00993582
0.0099199
0.00997462
0.00998245
0.00993488
0.00993079
0.00996047
0.00992778
0.00997416
0.00992464
0.00991447
0.00993193
0.00997124
0.0099611
0.00992727
0.00997911
0.00993522
0.00993118
0.00998258
0.00996739
0.00995745
0.00994037
0.00997373
0.00993503
0.00995953
0.00996411
0.00996694
0.0099314
0.00997074
0.00997644
0.00994039
0.00997459
0.00995864
0.00998245
0.00994255
0.00993654
0.00994412
0.00998077
0.00998511
0.00993117
0.00993028
0.00994983
0.00996823
0.00982115
0.00982582
0.00980133
0.00981775
0.00983189
0.00980954
0.00983319
0.00981875
0.00982055
0.00983104
0.00982058
0.00981281
0.00984044
0.00982749
0.00982618
0.00981631
0.00980535
0.00981284
0.00981787
0.00980874
0.00982164
0.00982515
0.00981962
0.00981404
0.00982103
0.00981637
0.00982149
0.00984169
0.00981503
0.00982637
0.00981488
0.00981913
0.00982507
0.00984991
0.00982654
0.00982316
0.00983015
0.0098273
0.00982658
0.00982728
0.00981448
0.00982235
0.00984297
0.0098269
0.00980902
0.00981917
0.00981157
0.00982163
0.00981208
0.009812
0.00981044
0.00981254
0.00981276
0.00981802
0.00980624
0.00982577
0.00983207
0.0098094
0.00982795
0.00983602
0.00981117
0.00983671
0.0098136
0.00981339
0.00981232
0.0098081
0.0098072
0.00983655
0.00991375
0.00978087
0.0098282
0.00981142
0.00979817
0.00982071
0.00984313
0.00980384
0.0098131
0.00981024
0.00980812
0.00981648
0.00981221
0.00981147
0.00982302
0.00983328
0.0098205
0.00981972
0.00981888
0.00982771
0.00981815
0.00981097
0.00982351
0.00981679
0.00981852
0.00983415
0.00978626
0.00978399
0.00978985
0.00976786
0.00975977
0.00978417
0.00977276
0.00978813
0.00980086
0.0097766
0.00977698
0.00977212
0.00975938
0.0097836
0.00983149
0.0097735
0.00977408
0.0097909
0.00978544
0.00976802
0.00978957
0.00979177
0.00979757
0.00980277
0.0135499
0.00979287
0.00977586
0.00978273
0.00979389
0.00980696
0.00978472
0.0097822
0.00978236
0.00980146
0.00978143
0.00977815
0.00977997
0.00978677
0.00979371
0.00979784
0.00978206
0.00978396
0.00981106
0.00983056
0.00976376
0.00979249
0.00978628
0.00978133
0.00977987
0.00979334
0.00981067
0.00979874
0.00977017
0.0097924
0.00978719
0.00977978
0.00977779
0.00979483
0.0097958
0.00979581
0.00978025
0.00979879
0.00980806
0.00979432
0.00979974
0.00976827
0.0097758
0.00977962
0.00978214
0.00977781
0.00979154
0.00980285
0.00977745
0.00980181
0.00977766
0.00977209
0.00976973
0.00977743
0.0097764
0.00979632
0.00980336
0.00976544
0.00975698
0.0097586
0.00975491
0.00977243
0.009766
0.00975434
0.00977656
0.00977718
0.00978197
0.0097643
0.00975911
0.00975912
0.00977762
0.00975897
0.00976415
0.0097535
0.009764
0.00976228
0.00974847
0.00975238
0.00975835
0.00976378
0.00977838
0.00976854
0.00975798
0.00975681
0.0097691
0.00977157
0.00976264
0.00976332
0.00976426
0.00977097
0.00975158
0.00975308
0.00975646
0.0097593
0.00977103
0.00975474
0.00974176
0.00976003
0.00975443
0.00976265
0.00976769
0.00976186
0.00976043
0.00977012
0.00975117
0.0097588
0.00976145
0.00975698
0.00976171
0.00975224
0.00975625
0.00974452
0.00975494
0.00975284
0.00976701
0.00976997
0.00976369
0.00976021
0.00976248
0.00975397
0.0097611
0.0097635
0.00974705
0.00974887
0.0097512
0.00975925
0.00976817
0.00975502
0.00975443
0.00976324
0.00975286
0.00975703
0.00986358
0.00973927
0.00977734
0.009771
0.00977452
0.00975423
0.00975201
0.00975011
0.0097554
0.00975136
0.00976383
0.00974763
0.00976498
0.00975756
0.00975053
0.00974843
0.00975164
0.00975019
0.0097599
0.00976068
0.00974783
0.00977304
0.0097513
0.00975554
0.00974867
0.00975302
0.00975463
0.00974705
0.00974915
0.00975331
0.00975334
0.00975184
0.0097623
0.00974985
0.00975336
0.00975303
0.00974588
0.00974408
0.00975417
0.0097416
0.00973694
0.00974653
0.00976142
0.00974834
0.0097442
0.00976691
0.00974871
0.0097634
0.00977068
0.00976543
0.0097546
0.00975147
0.00975192
0.00974609
0.00975411
0.00975774
0.00976289
0.00975349
0.00974386
0.00974934
0.00977707
0.009752
0.00974651
0.00974716
0.00975094
0.00975967
0.00974736
0.00975229
0.00974811
0.00975199
0.00975257
0.0097696
0.0097574
0.00974794
0.00976364
0.00976373
0.00974802
0.0097502
0.00976093
0.00975394
0.00975863
0.00974903
0.00975247
0.0097472
0.00975327
0.00974982
0.00975738
0.00974858
0.00974751
0.00974914
0.00976044
0.00975266
0.00974243
0.00975435
0.00975427
0.00974505
0.00975114
0.00974161
0.00976205
0.00974904
0.00975827
0.00975714
0.00975316
0.00975953
0.00974085
0.00976967
0.00974697
0.00974328
0.00975855
0.00975346
0.00975415
0.00975303
0.00975233
0.0097578
0.00975835
0.00975122
0.00975058
0.0097471
0.0097457
0.0097533
0.0097475
0.00974354
0.00976074
0.00975196
0.00974421
0.00974245
0.00974657
0.00975205
0.00976816
0.00975574
0.00977224
0.00975041
0.00975594
0.00975182
0.00972707
0.00975367
0.00974639
0.00976209
0.00977119
0.00973609
0.00975754
0.00975508
0.00972535
0.00975556
0.00974753
0.00976162
0.0097638
0.0097707
0.00975834
0.00974764
0.00974881
0.00974549
0.00977772
0.00975939
0.00974977
0.0097423
0.00974786
0.00974613
0.00973155
0.00975058
0.00974989
0.00975239
0.00974768
0.00974371
0.00974896
0.00975427
0.00973321
0.0097568
0.00976183
0.00975963
0.00974887
0.00975429
0.00975725
0.00974759
0.00975364
0.00974173
0.00973712
0.00974495
0.00973766
0.00974311
0.00975125
0.00975107
0.00975421
0.00974599
0.00974065
0.00974378
0.00975224
0.00974538
0.00975153
0.00974144
0.00975358
0.00975
0.0097494
0.00974406
0.00974904
0.00977883
0.00976014
0.00974239
0.0097456
0.00974753
0.00974258
0.00975814
0.00975195
0.00975159
0.00976256
0.00973926
0.00974487
0.0097467
0.00976727
0.00975511
0.00974609
0.00974646
0.00975424
0.00975384
0.0097631
0.00974901
0.0097556
0.00974439
0.009751
0.00973376
0.00973806
0.00973863
0.0097384
0.009745
0.00976356
0.0097591
0.00974778
0.0097555
0.00975471
0.00975574
0.00974276
0.00975016
0.00977174
0.00975815
0.00974694
0.00976303
0.00975339
0.00975127
0.00976053
0.00974703
0.00975042
0.00974736
0.00975962
0.00975456
0.00975162
0.00974637
0.0097485
0.00976532
0.00974556
0.00981468
0.00974972
0.00974953
0.00974207
0.00975903
0.00974395
0.00975334
0.00976268
0.00974404
0.0097679
0.00975491
0.00976149
0.00976117
0.0097563
0.00975307
0.00975776
0.00975058
0.00975138
0.00975114
0.00974253
0.00975408
0.00976094
0.00975625
0.00976056
0.00976894
0.00975171
0.00975105
0.00975572
0.00975047
0.0097482
0.00976415
0.00974472
0.00976285
0.00975459
0.00976437
0.00976786
0.0097612
0.00975685
0.00975706
0.00975175
0.00976169
0.00974389
0.00975121
0.00974329
0.00976175
0.00973722
0.00975751
0.0097468
0.00975455
0.00975469
0.00976902
0.00975968
0.00975991
0.00974829
0.00973607
0.00976093
0.00975843
0.00974709
0.0097437
0.00976336
0.00975089
0.00975042
0.00974667
0.00974744
0.00974817
0.00975099
0.00975174
0.00976079
0.00976072
0.00974914
0.00974841
0.00974412
0.00974393
0.00975653
0.00974592
0.00974597
0.00974502
0.00974538
0.00974141
0.00975635
0.00975319
0.00975542
0.00975626
0.00975235
0.00975251
0.00974899
0.00975619
0.00974756
0.00978749
0.0097593
0.00976734
0.00975686
0.00973164
0.00974679
0.00975548
0.0097568
0.00974831
0.00976917
0.00975083
0.00974384
0.00972977
0.00974832
0.00975285
0.00975121
0.00974406
0.00975492
0.00974718
0.00976221
0.00973966
0.00975223
0.00975031
0.00974031
0.00974541
0.00973299
0.0097396
0.00974268
0.00972444
0.00972115
0.00973351
0.00975753
0.00973228
0.0097482
0.00971823
0.00973609
0.00973169
0.00973533
0.00973752
0.00973344
0.00973861
0.00973507
0.00976728
0.00975488
0.00973625
0.00972796
0.00973826
0.00975189
0.00972473
0.0097279
0.00972957
0.00973411
0.00972869
0.00974334
0.00973798
0.0097285
0.00974931
0.00973355
0.00972626
0.00973322
0.00972282
0.00973625
0.00972057
0.00975894
0.0097339
0.00973965
0.00973779
0.00973147
0.00976177
0.00976751
0.0452948
0.00974996
0.00974212
0.00974342
0.00973692
0.00972753
0.00974228
0.00974874
0.00973731
0.00973669
0.00974115
0.00974915
0.00973078
0.0100886
0.00974185
0.00974696
0.00975602
0.00973408
0.00973792
0.00976239
0.00974026
0.00973789
0.00972909
0.009736
0.00973854
0.00976477
0.00973039
0.00975771
0.00974285
0.0097271
0.00974124
0.00975157
0.00974488
0.00974483
0.00973162
0.00973748
0.00975438
0.00974539
0.00974339
0.00972997
0.00972257
0.00973065
0.00974253
0.0097545
0.00973194
0.00975419
0.00974261
0.00973165
0.00975827
0.00973703
0.00973537
0.00975878
0.0097411
0.00973877
0.00974121
0.0097421
0.00975091
0.00975882
0.00973833
0.00973929
0.00974117
0.00973366
0.00975374
0.00974356
0.00976168
0.00974668
0.00975644
0.00975636
0.00972843
0.00972352
0.0097608
0.00972158
0.00974139
0.00975548
0.00974662
0.0097364
0.00980555
0.00974663
0.00975248
0.00974208
0.00973991
0.00974223
0.00974649
0.0097337
0.0097548
0.00974628
0.00975037
0.00973719
0.00974426
0.00974897
0.00973607
0.00974215
0.00975245
0.00975017
0.00973102
0.0097402
0.00973776
0.00973469
0.00973972
0.00974082
0.00975749
0.00974614
0.00973448
0.00973568
0.00973277
0.0097386
0.00973703
0.00973949
0.00974919
0.0097493
0.00977096
0.00975088
0.00973649
0.00975115
0.00974284
0.00974351
0.00974261
0.00974105
0.00974215
0.00973329
0.00975235
0.00974394
0.00976142
0.00973964
0.00975006
0.00974902
0.00974176
0.00974994
0.00973504
0.00982855
0.00974512
0.009748
0.00972754
0.0097653
0.00976219
0.00975572
0.00977506
0.00975646
0.00975755
0.00975376
0.00976717
0.00975313
0.00974752
0.00974212
0.00974957
0.00974983
0.0097501
0.00975232
0.0097496
0.00975262
0.00976123
0.00976545
0.00974162
0.00974584
0.00973915
0.00976893
0.00976235
0.00975109
0.0097469
0.00976009
0.00975034
0.00976628
0.00974855
0.00975789
0.00975275
0.0097499
0.00975412
0.0134166
0.00974897
0.00974216
0.00975072
0.0097393
0.00974825
0.00976598
0.00974935
0.00974865
0.00976246
0.00977409
0.00978514
0.00975355
0.00979787
0.00974965
0.00976362
0.00976822
0.00975938
0.00974409
0.00974336
0.00976292
0.0097685
0.00975218
0.00975705
0.00975027
0.00975744
0.00974892
0.00978449
0.00980269
0.0097745
0.00981626
0.00979937
0.00977505
0.00980051
0.00979412
0.00977862
0.00978732
0.00979005
0.00980997
0.0097931
0.00980343
0.0097848
0.00980198
0.00981069
0.00980651
0.00978969
0.00979933
0.00977741
0.00979482
0.00976791
0.00976934
0.00980789
0.00977974
0.00979604
0.00979123
0.00979221
0.00978884
0.00977845
0.00980509
0.00977912
0.00978308
0.00980283
0.00977581
0.00977774
0.00976921
0.00995569
0.00979196
0.00978036
0.00979488
0.00979948
0.00979023
0.00977727
0.00980054
0.00979795
0.00979801
0.00977941
0.00980939
0.00978937
0.0101692
0.00978311
0.00976881
0.00978844
0.00985116
0.00979522
0.00980656
0.00982258
0.00980195
0.00981431
0.00980142
0.00982274
0.00981312
0.00980543
0.00987555
0.00981099
0.00980661
0.00980925
0.009822
0.00982087
0.00981738
0.00980016
0.00979544
0.0098237
0.00979962
0.00982957
0.00980851
0.00981312
0.00980552
0.00979422
0.00982353
0.00981168
0.00981366
0.00981582
0.00982073
0.00982357
0.00980677
0.00981907
0.00979642
0.00981784
0.0098364
0.00980463
0.00980343
0.00981206
0.0098226
0.00981284
0.00981405
0.00982222
0.00981474
0.0098034
0.00980083
0.0098114
0.00982785
0.00982831
0.00981583
0.00981095
0.00981491
0.00979357
0.00979998
0.00983242
0.0098045
0.00979987
0.00988523
0.00985475
0.00983551
0.00983725
0.00987566
0.00984576
0.00982692
0.00982484
0.00982595
0.00984691
0.00986259
0.00985765
0.00982972
0.00983051
0.00983472
0.00981541
0.00983645
0.00983545
0.00986197
0.00983516
0.00984478
0.00982506
0.00983783
0.00983167
0.00983307
0.00984791
0.00982802
0.0098341
0.0098121
0.00983902
0.00983416
0.00984094
0.00985276
0.00984511
0.00984139
0.00988903
0.00983786
0.00984546
0.00983469
0.00983342
0.00984312
0.00984178
0.00984114
0.00982644
0.00983083
0.00982748
0.00983372
0.00982751
0.00988181
0.00983393
0.00985146
0.00982917
0.0098425
0.00984085
0.00981756
0.00984279
0.00984871
0.00984793
0.00985846
0.00986032
0.00987724
0.00986442
0.00988111
0.00987343
0.0098647
0.00986601
0.00986484
0.00984871
