0.0509812
0.0494104
0.0494567
0.0504881
0.0493497
0.0494597
0.0493152
0.0494938
0.0493445
0.049288
0.0525006
0.0491724
0.0492537
0.0492782
0.0492425
0.0493231
0.049336
0.0493619
0.0492795
0.049344
0.0491493
0.0493652
0.0493113
0.0494142
0.0490391
0.0492487
0.0493162
0.0494228
0.0492048
0.049219
0.0493684
0.0492981
0.0493073
0.0493157
0.0493801
0.0492492
0.0493112
0.0491935
0.0493385
0.0493137
0.0493034
0.0493408
0.049572
0.0489677
0.0495091
0.0490833
0.0493148
0.0493907
0.0494718
0.0492383
0.0493448
0.0493195
0.0492128
0.0493401
0.0492839
0.0493385
0.0494806
0.049031
0.0493192
0.0493931
0.0496783
0.0489189
0.0492878
0.0493147
0.0492611
0.0493319
0.0493711
0.0493304
0.0492697
0.0491949
0.0493342
0.0492932
0.0492737
0.0492857
0.0493436
0.0492073
0.049303
0.049219
0.0493909
0.0491997
0.0492612
0.0492581
0.0492147
0.0493398
0.0493004
0.0493597
0.0493307
0.0492157
0.0493218
0.0496718
0.048885
0.0494876
0.0489432
0.0493796
0.0491273
0.0494604
0.0492221
0.0492061
0.0493583
0.04921
0.0492649
0.0493343
0.0490734
0.0492953
0.0494822
0.0492613
0.0493888
0.0492472
0.0494526
0.0492578
0.0492655
0.0493135
0.0498895
0.0500494
0.0503137
0.0506708
0.0503131
0.0506907
0.220282
0.0524524
0.0512915
0.0513959
0.0512795
0.0512948
0.0513099
0.0514193
0.0510748
0.0512695
0.0514243
0.0512486
0.0511469
0.0512216
0.051364
0.0514916
0.0513049
0.0510659
0.0514647
0.0513706
0.0511025
0.0513689
0.0512805
0.0513009
0.0513404
0.0515258
0.0509448
0.0512642
0.051279
0.051293
0.0512172
0.0512247
0.0512487
0.0508357
0.0512661
0.0512542
0.0511838
0.0514416
0.0511075
0.0513115
0.0511561
0.0514295
0.051245
0.0512885
0.0511895
0.0513593
0.0510743
0.0513029
0.0512831
0.0513827
0.0512695
0.0513201
0.0514656
0.0513116
0.051315
0.0512539
0.0513349
0.0513618
0.0513196
0.0513081
0.0513736
0.0513405
0.0513573
0.0522574
0.0661645
0.0509892
0.0513276
0.0511801
0.0513377
0.0511515
0.0513585
0.0512048
0.0512827
0.0510731
0.0511992
0.051332
0.0513324
0.0511355
0.0513051
0.0513929
0.0513622
0.0517894
0.0518523
0.0515623
0.0520454
0.0519778
0.0523446
0.0523925
0.0524509
0.0524024
0.0523949
0.0523996
0.0525982
0.052624
0.217114
0.0501413
0.050182
0.0498881
0.0503015
0.049962
0.0501311
0.0500257
0.0499712
0.0499734
0.0501443
0.0500197
0.0499734
0.0501221
0.0501178
0.050003
0.0499796
0.0499769
0.0500869
0.0498452
0.0501471
0.0500546
0.0501759
0.0499152
0.0499779
0.0500364
0.0500907
0.0500005
0.0500743
0.049941
0.0500225
0.0500062
0.0501119
0.0498445
0.0503843
0.0500934
0.050029
0.0501847
0.0500204
0.0499063
0.0501121
0.0499221
0.0498583
0.050243
0.0500212
0.0499308
0.049913
0.0499785
0.0500124
0.0498928
0.0500856
0.0501004
0.0499599
0.0499475
0.049823
0.0500038
0.0499501
0.0499666
0.0500243
0.0499943
0.0499357
0.049945
0.0500721
0.0501927
0.0499798
0.0503827
0.0502054
0.0505057
0.0505428
0.0507565
0.050366
0.050881
0.0508227
0.0509615
0.0511613
0.051004
0.051099
0.0513201
0.0512541
0.0513764
0.0516642
0.218512
0.0499839
0.05002
0.0498774
0.0498813
0.0496379
0.0499307
0.0497315
0.0498767
0.0497522
0.0498243
0.049843
0.0498584
0.0497659
0.0497954
0.0497188
0.0500187
0.0498362
0.0501869
0.0497519
0.0500843
0.049753
0.0497791
0.0497241
0.0499621
0.049746
0.0497031
0.0498085
0.0499109
0.049782
0.0496868
0.0498562
0.0498756
0.0497799
0.0497788
0.0497916
0.0498905
0.0499084
0.0500749
0.0498148
0.0499246
0.0497555
0.0498123
0.0498387
0.0498406
0.0497699
0.0498364
0.0496801
0.0499055
0.0498074
0.0498137
0.0498253
0.0499325
0.049738
0.0498602
0.0497668
0.0499773
0.0497942
0.0498524
0.0499484
0.0497684
0.0498013
0.0497862
0.0498803
0.0496699
0.049909
0.0501251
0.0501917
0.0499489
0.0503762
0.0503165
0.0506234
0.0505768
0.0510377
0.0507674
0.0509789
0.0508753
0.0510835
0.0508722
0.0513622
0.216571
0.0502333
0.0498549
0.0499283
0.0496297
0.0499282
0.0498301
0.0497748
0.0500357
0.0497827
0.0497586
0.0498895
0.0497666
0.0498694
0.0500594
0.0497737
0.0498413
0.0496653
0.0497287
0.0498503
0.0497538
0.0498034
0.0497835
0.0498268
0.0498311
0.0498922
0.0497557
0.0498773
0.0498154
0.049749
0.0498833
0.0498868
0.0496767
0.0498591
0.0500257
0.0496592
0.0494602
0.0498852
0.0499613
0.0497222
0.0497885
0.0497148
0.0497983
0.0498377
0.0500037
0.0498616
0.0499285
0.049601
0.0496165
0.0497073
0.0498211
0.0497708
0.0496978
0.0501648
0.0497099
0.0495925
0.0497559
0.0497583
0.0497114
0.0499728
0.0495394
0.050029
0.0503819
0.050069
0.0500167
0.0502189
0.0504041
0.0506435
0.0505664
0.0508104
0.0507076
0.0510398
0.0507631
0.0511366
0.0508846
0.0511228
0.217698
0.0497748
0.0494078
0.0495166
0.0494639
0.0494819
0.0494197
0.0495036
0.0493271
0.0493731
0.0494876
0.0494509
0.0494686
0.0495583
0.0493418
0.0494888
0.0492093
0.0497219
0.0493965
0.0494085
0.0494145
0.0494977
0.0494625
0.0493902
0.0493503
0.0494256
0.0493644
0.0495821
0.0493605
0.0493831
0.0494427
0.0496389
0.0493866
0.0496505
0.0494314
0.0495447
0.0493979
0.0494138
0.0493323
0.0494763
0.0493914
0.0493567
0.0493759
0.0495353
0.0493109
0.0493998
0.0494243
0.0493309
0.0493523
0.0493614
0.049536
0.0494769
0.0494407
0.0493845
0.0494388
0.0494684
0.0493572
0.0499036
0.0497174
0.0498135
0.0499375
0.0500501
0.0498454
0.0501035
0.0499888
0.0504186
0.0504349
0.0505943
0.0506208
0.0505474
0.0507104
0.0511883
0.217922
0.0501813
0.0497127
0.0497412
0.0497531
0.0497555
0.0497636
0.0497338
0.0497921
0.049716
0.0496253
0.0500118
0.0498637
0.0497544
0.0498725
0.0497634
0.0497768
0.0496377
0.0499898
0.0495318
0.0498304
0.0495588
0.049869
0.049649
0.0497138
0.0497276
0.0497213
0.049754
0.0496961
0.0497882
0.0494067
0.0496786
0.049697
0.0496541
0.0498194
0.0496787
0.0496692
0.0499445
0.049563
0.0498108
0.0496554
0.0498276
0.0496917
0.0498792
0.0495127
0.0497968
0.0497507
0.0498533
0.049733
0.0496385
0.0496405
0.0497639
0.0497362
0.0495767
0.0496696
0.0498695
0.0496142
0.0501601
0.0499839
0.0502099
0.0498974
0.0503991
0.0503716
0.0505182
0.0504201
0.0505186
0.0508797
0.0507876
0.0509242
0.0509693
0.0509743
0.217891
0.0502108
0.0495426
0.0498464
0.0495264
0.0497124
0.0495191
0.0495337
0.0495812
0.0496684
0.049632
0.0498138
0.0495345
0.049594
0.049549
0.0495362
0.04947
0.0497135
0.0494607
0.0496166
0.0497011
0.0496583
0.0495562
0.0496943
0.0495828
0.049877
0.0494626
0.0495176
0.0497597
0.0495834
0.0494965
0.0496977
0.0494295
0.0496548
0.0496077
0.0495117
0.0496796
0.0495243
0.0494926
0.0496454
0.0495492
0.0496071
0.0494251
0.0497336
0.0496245
0.049335
0.0498146
0.0494494
0.0496277
0.0496812
0.0496015
0.0494349
0.0496385
0.0495989
0.0496339
0.0496374
0.0493915
0.0497398
0.0501495
0.0499748
0.0500902
0.0501597
0.0503718
0.0505397
0.0506269
0.0505409
0.0507678
0.0508684
0.0508129
0.0508165
0.0509961
0.217441
0.0499498
0.0497364
0.0496221
0.0496381
0.04981
0.0496605
0.0496944
0.0497346
0.0496998
0.0496149
0.049686
0.0496907
0.0496777
0.0497426
0.049667
0.049822
0.0496994
0.0495664
0.0496784
0.0496692
0.049766
0.0496221
0.0497873
0.0499412
0.0494679
0.0498088
0.0497374
0.0499944
0.0495598
0.0499492
0.0497084
0.0498043
0.0495534
0.0498616
0.0497976
0.0496315
0.0496994
0.0497998
0.0497653
0.04982
0.0495465
0.0500688
0.0494578
0.0497086
0.0497738
0.0497661
0.0495597
0.049873
0.0495555
0.0496282
0.0500652
0.050151
0.0499562
0.0503006
0.0500886
0.0501699
0.0500658
0.0503249
0.0502762
0.0504997
0.0505535
0.0507753
0.0505778
0.0509956
0.218951
0.0500968
0.0499405
0.0498987
0.0498557
0.0501746
0.0499705
0.0499736
0.0499889
0.049969
0.0499781
0.0499356
0.0499067
0.0500031
0.0499843
0.0499997
0.0499137
0.0501188
0.0497894
0.0502506
0.0497025
0.0499466
0.0499761
0.0493596
0.0499777
0.0498249
0.0500534
0.0502588
0.0498815
0.0500046
0.0497979
0.0499782
0.0499978
0.0499669
0.0498665
0.049886
0.0500371
0.049987
0.0499704
0.0498295
0.0500092
0.0498297
0.0500099
0.0499913
0.0498965
0.0500033
0.0502064
0.0499203
0.0500797
0.0501478
0.0502117
0.050215
0.0503189
0.0502571
0.0505438
0.0506985
0.0503469
0.0505561
0.0508305
0.0508241
0.218598
0.0497957
0.0496744
0.0497864
0.049833
0.0496593
0.0494826
0.0496278
0.0497377
0.0498372
0.0494339
0.0495801
0.0494529
0.0496579
0.0495039
0.0497718
0.0494411
0.049799
0.0495606
0.0495127
0.0496222
0.0497766
0.04939
0.049764
0.0496466
0.0497263
0.0495092
0.0496777
0.0496184
0.0497153
0.0496452
0.0616823
0.0495173
0.04986
0.0496939
0.0499436
0.0494502
0.0496869
0.0496866
0.049724
0.0495271
0.0498029
0.0496058
0.0495853
0.0494301
0.0498649
0.0497116
0.050313
0.0498914
0.0501963
0.0501205
0.0501225
0.0499773
0.0506366
0.05012
0.0504653
0.0506381
0.0505253
0.0505625
0.0509029
0.218118
0.0503635
0.0496922
0.0496598
0.0496385
0.0496712
0.0621912
0.0496875
0.0497765
0.0497062
0.0497214
0.0497156
0.0496838
0.0496044
0.0496729
0.0496257
0.04967
0.049572
0.0496517
0.0496747
0.0497206
0.049694
0.0497095
0.0497068
0.0498335
0.0496444
0.0497125
0.0497262
0.0497007
0.0496577
0.0497884
0.0496278
0.049681
0.049626
0.0496662
0.0497274
0.0497094
0.0496549
0.0496392
0.0496816
0.0497168
0.0496507
0.0498001
0.0495883
0.0497077
0.0497094
0.0499024
0.0500579
0.0499888
0.0500316
0.0500604
0.050133
0.0503406
0.0503907
0.0502589
0.0505919
0.0506665
0.0506495
0.0507811
0.0508939
0.218771
0.049887
0.0497099
0.0496471
0.0496787
0.0498286
0.049662
0.0497145
0.0496163
0.0498528
0.0496558
0.0496104
0.0497067
0.0497714
0.0497315
0.0496608
0.0496375
0.0496869
0.0496229
0.0497123
0.0495978
0.0497521
0.0496881
0.049624
0.0496627
0.0498102
0.0496769
0.0497427
0.0497154
0.0498059
0.0497176
0.0496603
0.049749
0.0496515
0.0497285
0.0496849
0.0496935
0.0497939
0.0497253
0.0497074
0.0496561
0.0496601
0.0496394
0.0496482
0.0497485
0.0497076
0.0497973
0.0496592
0.0500207
0.0502218
0.0500837
0.0502839
0.0503602
0.050302
0.0505811
0.0508717
0.0509011
0.0509208
0.0507602
0.0508331
0.0509303
0.219257
0.0497254
0.0496475
0.0497368
0.0496214
0.0496376
0.0496317
0.0497136
0.0496421
0.049673
0.049704
0.0496684
0.049643
0.0495414
0.049692
0.0496844
0.0496325
0.049633
0.0496261
0.0495993
0.0497252
0.0497664
0.0496907
0.0496297
0.0498488
0.0496877
0.0496407
0.0496827
0.0496266
0.049645
0.0496242
0.0497122
0.0495705
0.0496228
0.0497637
0.0496357
0.0496693
0.0495998
0.0496935
0.0498024
0.0496671
0.0496576
0.0497029
0.0497863
0.0496581
0.0499373
0.0500372
0.0498655
0.0499449
0.0501304
0.0501797
0.0502489
0.0504491
0.0506146
0.0505547
0.0506974
0.0509251
0.218477
0.050407
0.0498381
0.0499963
0.0498063
0.0498257
0.0498813
0.049786
0.0499559
0.0498569
0.0498833
0.0497546
0.0498696
0.0498834
0.0499674
0.0498721
0.0499303
0.0498545
0.0498206
0.0498392
0.0498781
0.0498571
0.0498575
0.0498527
0.0498178
0.0497536
0.0498933
0.0497229
0.0498251
0.0497959
0.0496996
0.050042
0.0497938
0.0498697
0.0498032
0.0498468
0.0498533
0.0497952
0.0498163
0.0498742
0.049804
0.0499096
0.0502881
0.0499368
0.0500363
0.0499718
0.0501914
0.0503575
0.050305
0.050333
0.0505924
0.0507719
0.0507831
0.0507993
0.0510638
0.0507796
0.0510819
0.219932
0.0498063
0.0499143
0.0498406
0.0498627
0.0498357
0.049837
0.049778
0.0499697
0.0499004
0.0498432
0.0497929
0.0497044
0.0499903
0.0498074
0.0497808
0.0498317
0.0498392
0.0498122
0.0498846
0.0500528
0.0499104
0.0497933
0.0498146
0.0499272
0.0496971
0.0499818
0.049753
0.049914
0.049709
0.0500444
0.0496882
0.0497196
0.0498194
0.0498381
0.0498222
0.049797
0.049828
0.0499102
0.0498367
0.0500082
0.0498568
0.050062
0.0501388
0.0500732
0.0500815
0.0501633
0.0502439
0.0503787
0.0504547
0.0506546
0.0506638
0.0506979
0.0508335
0.0510267
0.0509651
0.0512612
0.219767
0.049853
0.0498273
0.0499097
0.0498677
0.0498722
0.0498623
0.0498288
0.0498367
0.0498321
