0.0118211
0.0117164
0.0118173
0.0116689
0.0117062
0.011681
0.0117115
0.0117499
0.0117742
0.0116959
0.0135954
0.0117979
0.0117102
0.0116625
0.0116448
0.011698
0.0117053
0.0117185
0.0117119
0.011702
0.0116157
0.0116289
0.0117036
0.0117853
0.0117029
0.0116596
0.0116858
0.011716
0.0117299
0.0116575
0.0117593
0.0116867
0.0116921
0.0117053
0.0117735
0.0116928
0.0117234
0.0117078
0.0117417
0.0117246
0.0117276
0.0117797
0.0120062
0.0117365
0.0118238
0.0117265
0.0117141
0.0117105
0.0118543
0.0117607
0.0117715
0.0117936
0.011758
0.0117569
0.0117619
0.0118117
0.0119499
0.0117048
0.0117309
0.0118026
0.0121839
0.0118133
0.011807
0.0118521
0.0118202
0.0117941
0.0118336
0.0117439
0.0118188
0.0117136
0.0117874
0.0118177
0.0118106
0.0118148
0.0118721
0.011793
0.0117968
0.0117806
0.0118532
0.0118197
0.0118724
0.011862
0.0117591
0.0117829
0.011788
0.011869
0.011859
0.0117869
0.011813
0.0120167
0.0118011
0.0119847
0.0118015
0.0118702
0.0117656
0.0119417
0.0117872
0.0118544
0.0119229
0.0117874
0.0117976
0.0118883
0.0117209
0.0117955
0.0118461
0.0118022
0.0119196
0.0118349
0.0119975
0.0119637
0.0118769
0.011851
0.0118249
0.0117966
0.0116732
0.0117463
0.0116987
0.0116699
0.0143053
0.0142133
0.0142443
0.0142374
0.0142447
0.0141316
0.0142378
0.0142552
0.0142305
0.0141739
0.0142321
0.014279
0.0141412
0.0140999
0.0141059
0.0143528
0.0141954
0.014032
0.0142219
0.0143516
0.0141254
0.0142396
0.0142239
0.0142483
0.0142702
0.0145305
0.0141366
0.0142998
0.0142446
0.0143405
0.0142808
0.0142857
0.0142708
0.0141932
0.0142895
0.0142734
0.0142289
0.0143439
0.0142442
0.014316
0.0142404
0.014413
0.0144228
0.0143528
0.0143356
0.0144248
0.0143429
0.0144087
0.0143203
0.0144073
0.0142289
0.014261
0.0143499
0.0143974
0.0143236
0.0142523
0.0142369
0.0143
0.0142804
0.0143378
0.0142388
0.0143506
0.0144244
0.0145903
0.0295406
0.0143907
0.0144761
0.0143794
0.0144787
0.014338
0.0144419
0.0143911
0.0144592
0.0144273
0.0143044
0.0144065
0.0144962
0.0143743
0.0144667
0.0146085
0.0144503
0.0143821
0.0145023
0.0144006
0.014399
0.0142537
0.0142342
0.0142262
0.0142948
0.0143759
0.0143528
0.0142232
0.014326
0.0142437
0.0146932
0.0146572
0.0148358
0.0145789
0.0147302
0.0147567
0.0148637
0.0148131
0.0148143
0.0146789
0.0147495
0.014708
0.014677
0.0147794
0.0147938
0.014713
0.0147948
0.0147191
0.0147994
0.0146273
0.0147384
0.0147592
0.0148398
0.0147462
0.0146349
0.0148066
0.0147028
0.0148043
0.0148619
0.014813
0.0147541
0.0147638
0.0147698
0.0146036
0.0148832
0.0149594
0.0147331
0.0147753
0.0148949
0.0147739
0.0147639
0.0148127
0.0146472
0.0148759
0.0148535
0.0148183
0.0147517
0.0147762
0.0147502
0.0148011
0.0148309
0.0148233
0.0147789
0.0148287
0.0146861
0.0147361
0.0146776
0.0147289
0.0147415
0.0147738
0.014749
0.0147634
0.014776
0.0149958
0.0148039
0.0148399
0.0148028
0.0147324
0.0147588
0.0148231
0.0147274
0.0147638
0.0148152
0.0147779
0.0147285
0.0147611
0.014731
0.0147508
0.0147575
0.0147369
0.0147707
0.0161635
0.0149338
0.0150297
0.015093
0.0150755
0.014858
0.0150197
0.0149535
0.0150693
0.0149635
0.015025
0.0150431
0.0150599
0.0149779
0.0150077
0.0149263
0.0151384
0.0150447
0.0150499
0.0149597
0.0151722
0.0149817
0.0150073
0.0149354
0.0151522
0.0149499
0.0149117
0.0150344
0.0151231
0.0150104
0.0149222
0.0150214
0.015052
0.015016
0.0150034
0.0150032
0.0150938
0.0151402
0.0150138
0.0149856
0.0151313
0.0149806
0.0150472
0.0150678
0.015066
0.0149847
0.0150614
0.0149185
0.014958
0.0150495
0.0150365
0.0150427
0.0150636
0.0149872
0.0150211
0.0149902
0.0149853
0.0150296
0.01508
0.0149924
0.015022
0.015006
0.0150281
0.0150315
0.0149371
0.0150228
0.0149973
0.0150152
0.0149607
0.0150491
0.0149306
0.0150617
0.0150421
0.0150817
0.0149911
0.0149617
0.0149991
0.0149173
0.0148929
0.0150538
0.0151139
0.0146846
0.0148026
0.0147946
0.0146928
0.0148023
0.0147113
0.0146655
0.0149488
0.0147701
0.0147093
0.0147279
0.0147073
0.0147694
0.0149422
0.014735
0.0148761
0.0147308
0.0146584
0.014669
0.0147049
0.0146716
0.0146865
0.0146485
0.0147318
0.0147706
0.0147452
0.0146903
0.0147355
0.0146915
0.0147289
0.0147277
0.0146831
0.0147062
0.0149647
0.0149839
0.014701
0.0148052
0.0149037
0.0147475
0.0148425
0.0148114
0.0148097
0.0147697
0.0149529
0.0147729
0.0148713
0.0147143
0.0146924
0.0147336
0.0147852
0.0147236
0.0147546
0.0150597
0.0149895
0.0147802
0.0147806
0.0148011
0.0147471
0.0148661
0.0147919
0.0147166
0.0147902
0.0147406
0.0148119
0.0146511
0.0146496
0.0146903
0.0147246
0.0146931
0.0146939
0.0147258
0.0147324
0.0149074
0.0148965
0.0146845
0.0154957
0.0147665
0.0148117
0.0148913
0.0148398
0.0148051
0.0148269
0.014899
0.0147491
0.0147344
0.0147617
0.0147197
0.0148829
0.0148734
0.0147523
0.0148314
0.0146568
0.0147629
0.014818
0.0147468
0.0147764
0.0148111
0.0148487
0.0147577
0.014754
0.0147736
0.0147656
0.0148223
0.0147944
0.0147475
0.0147861
0.0148353
0.0148176
0.0148252
0.0148612
0.01479
0.0148302
0.0148308
0.0147604
0.0147779
0.0148043
0.0147693
0.0147643
0.0148002
0.014751
0.0147947
0.014776
0.0147184
0.0148187
0.0147692
0.0148339
0.0148444
0.0148633
0.0147096
0.0148673
0.0148561
0.0148055
0.0147523
0.0146914
0.0147386
0.0147052
0.014741
0.0146796
0.0147299
0.0147643
0.0147858
0.0147624
0.0147142
0.014866
0.0146621
0.0147303
0.0147528
0.0158183
0.014764
0.0146673
0.0146511
0.0147241
0.0147661
0.0147269
0.0147206
0.0147099
0.0147412
0.0146654
0.0147462
0.014764
0.0147875
0.014981
0.0147789
0.0148176
0.0147518
0.0147804
0.0147096
0.0147778
0.0146437
0.0148303
0.0147728
0.0147301
0.0148265
0.0147776
0.0147332
0.0146227
0.0147795
0.0147595
0.014814
0.0148274
0.0147553
0.0148451
0.0147552
0.0147044
0.014812
0.0147426
0.0147863
0.0147445
0.0148004
0.0147469
0.0148467
0.0146704
0.0147577
0.014748
0.0147783
0.0147835
0.0147554
0.0146709
0.0147411
0.0147764
0.0147087
0.0146597
0.0147761
0.0148167
0.0147316
0.0147214
0.0147625
0.0148318
0.0147398
0.0147733
0.0147487
0.0147022
0.0146149
0.0146401
0.0147473
0.0147567
0.014776
0.0147154
0.0146888
0.0149343
0.014792
0.0149189
0.0149452
0.0149778
0.0148923
0.0148751
0.0149477
0.0149687
0.0149196
0.0149937
0.0148983
0.0148875
0.0149249
0.0149205
0.0148339
0.0149256
0.0148151
0.0148506
0.0149607
0.0149771
0.0149084
0.0149164
0.0149811
0.0150762
0.014908
0.0148537
0.0149663
0.015016
0.0148961
0.0149863
0.0148504
0.0149815
0.0150123
0.0148787
0.0150146
0.0148763
0.01485
0.0149293
0.0148984
0.0148986
0.0148082
0.0149216
0.0150453
0.0147259
0.0149525
0.0148933
0.0149337
0.0149123
0.0149886
0.014807
0.0148296
0.0148818
0.0149229
0.0149346
0.0148179
0.0148103
0.0148501
0.0148847
0.0148776
0.0148915
0.0149628
0.0148144
0.0149462
0.0147996
0.0148728
0.0148785
0.01496
0.0149123
0.0148487
0.0148098
0.0148439
0.0149055
0.0149084
0.0147984
0.0148758
0.0148526
0.0149112
0.0149006
0.0148716
0.0149015
0.0148542
0.0148289
0.0147624
0.0148841
0.0148732
0.0149397
0.0148198
0.0148152
0.0148517
0.0148522
0.0149022
0.0148457
0.0148866
0.0149225
0.0148938
0.0149303
0.0148824
0.015039
0.0148909
0.0150932
0.0148784
0.014873
0.014749
0.0149591
0.0149182
0.0148599
0.0148807
0.0149371
0.0148574
0.0148666
0.0147419
0.0150414
0.0148325
0.0147832
0.014904
0.0149994
0.0148246
0.0149008
0.0148357
0.0148281
0.0147609
0.0148834
0.0148103
0.0148476
0.0148533
0.014848
0.0148756
0.0148577
0.0147812
0.0147878
0.014933
0.0149287
0.014754
0.0147988
0.0147421
0.0147978
0.0148434
0.0147448
0.0147118
0.0147178
0.0147847
0.0147869
0.0147629
0.0147063
0.0147191
0.0147772
0.0147148
0.0146896
0.0147803
0.0147828
0.0146744
0.0148196
0.014651
0.0147909
0.0147092
0.0146611
0.0147766
0.0147487
0.0147666
0.0146807
0.0148168
0.0149694
0.014677
0.0147817
0.0146928
0.0146996
0.0146816
0.0147735
0.0146999
0.0146993
0.0147114
0.0147978
0.0147121
0.0146624
0.0147599
0.0147211
0.0147206
0.0147923
0.0147269
0.0146766
0.0147735
0.0146406
0.0147245
0.0147455
0.0146578
0.0148031
0.0146583
0.0146563
0.0147784
0.0148457
0.0146903
0.0146916
0.0146847
0.0148119
0.0147512
0.0149296
0.0147429
0.0148798
0.0148469
0.0149346
0.0147781
0.0147951
0.0148354
0.0149965
0.0148097
0.0148351
0.0148117
0.014818
0.0147504
0.0148479
0.0148333
0.0148491
0.0148641
0.014802
0.0148028
0.0149766
0.014722
0.0148179
0.0148527
0.014934
0.0148232
0.0148548
0.0148672
0.0149251
0.0148764
0.0147937
0.014701
0.0149746
0.0148604
0.0150271
0.0148268
0.0149042
0.0147809
0.0148372
0.0147773
0.0149453
0.0148767
0.0148736
0.0148283
0.0148071
0.0147347
0.0149047
0.0148456
0.0148729
0.01491
0.0149111
0.0147142
0.0150959
0.0148006
0.0147415
0.014779
0.0148206
0.0147377
0.0147344
0.0149332
0.015053
0.0150579
0.0150378
0.0149716
0.015048
0.0151009
0.0150713
0.0151456
0.0150757
0.0150424
0.0150824
0.0150334
0.0149721
0.0150313
0.0149936
0.0150256
0.0149484
0.0150375
0.0150368
0.0150857
0.0150585
0.0150959
0.015079
0.015067
0.0150354
0.0150913
0.0151078
0.0150454
0.015035
0.0150117
0.0150046
0.0149773
0.0150378
0.015047
0.0150948
0.0150791
0.0150518
0.0150278
0.0150755
0.0150432
0.0150311
0.0151033
0.0149971
0.0150314
0.0150644
0.0150717
0.015027
0.0150084
0.0150828
0.0151114
0.0150176
0.0150802
0.0150189
0.0149936
0.0150336
0.0149737
0.0149777
0.0149706
0.0149759
0.014972
0.0152146
0.0150466
0.0149907
0.0149978
0.0150987
0.0150196
0.0149942
0.0150078
0.0150715
0.015033
0.0149428
0.0149833
0.0149722
0.0150304
0.0150328
0.015009
0.0150478
0.0149783
0.014998
0.0149537
0.0150684
0.0150498
0.0149959
0.0150316
0.0150837
0.0150225
0.0150317
0.0150247
0.015155
0.015063
0.0150247
0.0150265
0.0150205
0.0150453
0.0150313
0.0150517
0.0151509
0.0150989
0.015
0.0150163
0.0150147
0.0150086
0.0150333
0.015101
0.0150663
0.0151214
0.0150518
0.0150196
0.0150075
0.0150222
0.0149999
0.0150679
0.0150265
0.0149575
0.0150056
0.0149702
0.015008
0.0149872
0.0149984
0.0150565
0.015031
0.0149495
0.0149845
0.015065
0.0149776
0.0149768
0.0149798
0.015042
0.0149976
0.0150172
0.0150409
0.0149636
0.0149766
0.0148866
0.0150218
0.0150189
0.0149871
0.0149679
0.014979
0.0149479
0.0150766
0.0151237
0.0150065
0.0149799
0.0150447
0.0150552
0.0149988
0.015016
0.0149968
0.0149786
0.0149825
0.0150528
0.0149515
0.0150038
0.0151478
0.0149922
0.0150184
0.0149582
0.0150412
0.0151614
0.0150369
0.0150164
0.015051
0.0150999
0.0150342
0.0150926
0.0150514
0.015041
0.0149834
0.0150405
0.0149583
0.0149628
0.014967
0.0150183
0.0149844
0.014993
0.0150881
0.0150625
0.0151361
0.0151441
0.0152396
0.0151638
0.0151618
0.0152067
0.0151349
0.0152931
0.0151751
0.0151938
0.0150722
0.0151869
0.0152284
0.0152636
0.0152034
0.0152699
0.0151862
0.0151781
0.0151742
0.0152206
0.015167
0.0151797
0.0151714
0.0151684
0.0151163
0.015227
0.0150936
0.0151918
0.0151457
0.0150589
0.0152124
0.0151489
0.0151658
0.0151508
0.0151818
0.0152266
0.0151385
0.0151653
0.0152381
0.0151585
0.0152477
0.0151953
0.0151889
0.0151752
0.0152125
0.0151301
0.0152205
0.0151941
0.0151416
0.0152186
0.0151621
0.0151676
0.0151191
0.0152251
0.0150874
0.0151515
0.0152246
0.015122
0.0152162
0.0151697
0.0151725
0.0151447
0.0151263
0.0151308
0.0152282
0.0152195
0.015189
0.0151048
0.0150457
0.0152072
0.0151795
0.0151154
0.0150167
0.0150649
0.015151
0.0151388
0.0153086
0.0151631
0.0151428
0.0151442
0.0151743
0.0150596
0.0151616
0.0151136
0.0152305
0.0150665
0.0152712
0.0150401
0.0150599
0.0151544
0.0151613
0.0151418
0.0151508
0.0151766
0.0152775
0.015125
0.0153824
0.0152049
0.0152999
0.0151376
0.0151578
0.0151613
0.0153197
0.015129
0.0151476
0.0150882
0.0152016
0.0150704
0.0150343
0.0150065
0.0150898
0.0150202
0.0150291
0.0157302
0.0151337
0.0151799
0.0152484
0.0151929
0.0151742
0.0151682
0.0151684
0.0151439
0.0151505
