0.0376741
0.0361739
0.0363701
0.0364929
0.0365027
0.0366398
0.0365218
0.036568
0.0365371
0.0365236
0.0364982
0.0365091
0.036495
0.0364975
0.0364983
0.0364906
0.0364849
0.0364917
0.0364698
0.0364832
0.0364743
0.0364847
0.0364813
0.0365424
0.0364812
0.0364863
0.0365011
0.0365481
0.036483
0.0364611
0.0364628
0.03647
0.0364606
0.0364599
0.0364669
0.0364641
0.0364579
0.0364417
0.0364604
0.0364724
0.0364655
0.0364512
0.0364643
0.0364497
0.0364428
0.0364428
0.0364611
0.0364968
0.0365463
0.0364588
0.0364474
0.0364565
0.0364522
0.0364477
0.0364434
0.0364225
0.0364637
0.0364539
0.0364378
0.0364467
0.0364699
0.0364396
0.036448
0.0364396
0.0364456
0.0364358
0.0364537
0.036499
0.0364495
0.0364371
0.036447
0.0364396
0.0364588
0.0364383
0.0364267
0.0364285
0.0364532
0.0364434
0.0364388
0.0364441
0.0364377
0.0364314
0.0364277
0.0364378
0.0364389
0.0364222
0.0364249
0.0364197
0.0364508
0.0364374
0.0364306
0.0364501
0.0364301
0.0364319
0.0364068
0.0364212
0.0365044
0.0364285
0.0364238
0.036419
0.0364357
0.0364106
0.0364258
0.0364079
0.0364356
0.0364333
0.0364299
0.0364848
0.0364687
0.0364133
0.0364178
0.0364237
0.0364164
0.0364324
0.0364248
0.0364116
0.0364247
0.0364176
0.0361608
0.0358939
0.0358843
0.0359358
0.0358824
0.0359823
0.0359141
0.036034
0.0358903
0.0358982
0.0359655
0.0358942
0.0358894
0.0358795
0.0358879
0.0358922
0.0358896
0.035882
0.035903
0.035892
0.0358923
0.035904
0.0359291
0.0358815
0.0358894
0.035905
0.0360135
0.0358781
0.0359697
0.0358863
0.0359208
0.0358836
0.0358887
0.0359215
0.0358995
0.0358926
0.0358832
0.0359368
0.0358827
0.0358864
0.0358791
0.0358853
0.035878
0.0359699
0.0359523
0.0359295
0.0358782
0.03587
0.0358684
0.0358751
0.0358805
0.0358721
0.0358666
0.0358669
0.0358723
0.0358524
0.0358865
0.0358734
0.0358484
0.0358449
0.0359073
0.0358561
0.0358556
0.0364757
0.0359456
0.0358801
0.0358627
0.0358585
0.0358702
0.0358555
0.0358289
0.0358437
0.035837
0.0358409
0.035842
0.0358581
0.0358311
0.0358391
0.035836
0.0358575
0.0358363
0.0358423
0.0358193
0.0358655
0.0358339
0.0358376
0.035828
0.0358866
0.0358275
0.035825
0.0358313
0.035866
0.0358372
0.0358153
0.0344747
0.0344463
0.0344514
0.0344598
0.0345567
0.0344719
0.0344416
0.0344643
0.0344458
0.0344457
0.0344512
0.0344361
0.0344567
0.0344476
0.034444
0.0344569
0.0344373
0.0344473
0.0344379
0.0344397
0.0344424
0.0344319
0.0344562
0.0344328
0.0345565
0.0344567
0.0345359
0.0344345
0.0344486
0.0344249
0.0344352
0.0344257
0.0344332
0.0344133
0.0344444
0.0344367
0.0344298
0.0344529
0.0344192
0.0344179
0.034494
0.0344179
0.0344327
0.0344217
0.034461
0.0344233
0.0344339
0.0344207
0.034491
0.0343978
0.0344232
0.0345214
0.034485
0.034428
0.0344218
0.0344136
0.034485
0.0344013
0.0344279
0.0344016
0.0344684
0.0344036
0.034415
0.0343919
0.034466
0.0344318
0.0344122
0.0344045
0.0344677
0.0345116
0.0344085
0.0344006
0.034458
0.0344086
0.0343908
0.0344055
0.0344645
0.0344177
0.0343962
0.0344192
0.0344599
0.0341245
0.0340938
0.0342063
0.0340908
0.0340969
0.0340784
0.0340912
0.0340828
0.0340848
0.034075
0.03409
0.034099
0.034093
0.0340867
0.0340842
0.0340842
0.0340699
0.0340804
0.0341653
0.0340875
0.0342151
0.0340813
0.0340671
0.0340769
0.0340791
0.0340873
0.0340855
0.0340753
0.0340808
0.0340559
0.034065
0.0340834
0.0341053
0.0340659
0.0340587
0.034074
0.0340893
0.0340601
0.0343573
0.0341168
0.0340925
0.034069
0.034054
0.0340666
0.0340741
0.0340783
0.0340625
0.0340608
0.0341251
0.0340536
0.0340706
0.034081
0.0341364
0.0340585
0.0340683
0.0340668
0.0342792
0.0340647
0.0340499
0.0342076
0.0340596
0.0340601
0.0340586
0.0341347
0.0340471
0.0340629
0.0340396
0.0340644
0.0340489
0.0340522
0.0340628
0.0340495
0.0340558
0.0341356
0.0340504
0.0340587
0.0340498
0.0341482
0.0340644
0.0340528
0.0339522
0.0339375
0.0339201
0.0339806
0.03394
0.0339339
0.0339532
0.0339841
0.0339379
0.0339182
0.0339336
0.0339774
0.0339434
0.0339357
0.0339384
0.0339566
0.0339409
0.0339263
0.0339346
0.0340088
0.0339225
0.0339316
0.0339227
0.0339598
0.033917
0.0339381
0.0339249
0.0339772
0.0339184
0.0339173
0.0339517
0.0339735
0.0339329
0.033923
0.0339269
0.0339514
0.033927
0.0339184
0.0339349
0.033989
0.0339189
0.0339152
0.0339124
0.0339436
0.0339089
0.0339233
0.0339246
0.0339794
0.033913
0.0338999
0.0339295
0.0339429
0.0339209
0.0339122
0.0339511
0.0339448
0.0339241
0.0339065
0.0339017
0.0339901
0.0339122
0.0339069
0.0339042
0.0339675
0.033907
0.0339096
0.0339201
0.0339595
0.0339134
0.033906
0.0339142
0.0339745
0.0338988
0.0339189
0.0338966
0.0339462
0.0340847
0.0338945
0.0338841
0.0338762
0.0338936
0.0339211
0.0338759
0.0338818
0.033868
0.0338708
0.0338887
0.0339278
0.0338736
0.0339674
0.0338972
0.0339389
0.0338699
0.0339645
0.0338653
0.0339033
0.033874
0.0338864
0.0338756
0.0339099
0.0338818
0.0338639
0.0338625
0.0339249
0.0338648
0.0338729
0.0338817
0.0339235
0.033868
0.0339512
0.0338747
0.0340416
0.033855
0.0338622
0.0338557
0.0339151
0.0338509
0.0338669
0.0338562
0.0338838
0.0338529
0.0338593
0.03388
0.0339079
0.033838
0.0338553
0.0338504
0.0338942
0.0338644
0.0339587
0.0338581
0.0338926
0.0338503
0.033852
0.0338619
0.0338999
0.0338506
0.0338557
0.0338509
0.0339306
0.0338552
0.0338608
0.0338634
0.0338929
0.0338346
0.0338493
0.0338456
0.0340239
0.033936
0.033874
0.0338735
0.0338779
0.0339079
0.0338794
0.0338834
0.0338653
0.0339334
0.0338612
0.0338689
0.0338647
0.0339137
0.0338807
0.0338715
0.0338653
0.0338962
0.0338805
0.0339744
0.0338824
0.0339492
0.0338775
0.0338596
0.0338548
0.0339071
0.0338688
0.0338662
0.033874
0.0339225
0.0338486
0.0339341
0.0338914
0.0338653
0.0338709
0.0338679
0.0338887
0.0338549
0.0339178
0.0338491
0.0338891
0.0338712
0.0338531
0.0338493
0.0338861
0.0338464
0.0338529
0.0338447
0.0339174
0.0339562
0.0338506
0.033856
0.0338719
0.0338538
0.0338562
0.0338572
0.0338831
0.0338509
0.0339182
0.0338467
0.0339594
0.033849
0.0338423
0.0338371
0.0338599
0.0338395
0.033858
0.0339396
0.0338747
0.0338462
0.033843
0.0338595
0.0338871
0.0338868
0.0338857
0.0339675
0.0338815
0.0339042
0.0338582
0.0338877
0.0338769
0.0338835
0.0339885
0.0338756
0.0338722
0.0338805
0.033883
0.033878
0.0338831
0.033861
0.0338791
0.0338816
0.0338778
0.0338676
0.0338709
0.0339222
0.0338618
0.0339606
0.0338629
0.033883
0.033955
0.0338693
0.0338752
0.0338624
0.0338608
0.0338659
0.0338864
0.0338907
0.0338688
0.0338916
0.0338724
0.0338463
0.0338644
0.0338853
0.0338728
0.033922
0.0338613
0.0338852
0.0339235
0.0338561
0.0338623
0.0338923
0.0338702
0.0338579
0.0338537
0.0338759
0.0338584
0.0338463
0.0338655
0.0339042
0.033857
0.0338601
0.0338821
0.0338544
0.0339222
0.0339435
0.0339676
0.0338687
0.0338459
0.0338581
0.033854
0.0338447
0.033853
0.0339052
0.0339411
0.0338852
0.0338911
0.0338769
0.0339433
0.0339736
0.0338727
0.0338721
0.0339312
0.0338839
0.0338893
0.0338778
0.0339287
0.0338689
0.0338676
0.0338761
0.0339409
0.0338854
0.0338748
0.0338775
0.0338939
0.0338801
0.0338755
0.034008
0.0338694
0.0338676
0.0338604
0.0338772
0.0338772
0.0338746
0.0338701
0.0338761
0.0338637
0.0338333
0.0338687
0.0338498
0.0338701
0.0338679
0.0338639
0.0338636
0.033855
0.0339607
0.0338719
0.0338653
0.0338598
0.033852
0.0338486
0.0339665
0.0338686
0.0338438
0.033859
0.0338529
0.0338649
0.0338673
0.0338572
0.0338621
0.0338482
0.0338549
0.0338531
0.0339797
0.0338505
0.0338599
0.0338518
0.0338454
0.033923
0.0340133
0.0338991
0.0339117
0.0338993
0.0339131
0.0338944
0.0339104
0.0339052
0.0339379
0.0339812
0.0338984
0.0338912
0.0339402
0.0338907
0.0338879
0.0338947
0.0339057
0.0338949
0.0339753
0.0339013
0.0339218
0.0338724
0.0338991
0.0339203
0.0338995
0.0338885
0.0338823
0.0339118
0.0338887
0.033887
0.033891
0.0339378
0.0338829
0.0338828
0.0338671
0.0339004
0.0338871
0.0339553
0.0339025
0.0339524
0.0338754
0.033871
0.0338766
0.0339224
0.0338687
0.033879
0.033875
0.0339177
0.0338724
0.0338811
0.0338737
0.0339155
0.0338703
0.0338548
0.0338757
0.0338969
0.0338763
0.0339232
0.0338555
0.0339119
0.033902
0.0338891
0.0339017
0.0339115
0.0339004
0.0339098
0.0338997
0.0339034
0.0339097
0.0338938
0.033896
0.0339044
0.0339091
0.033908
0.0339722
0.0339027
0.033989
0.0338988
0.0338927
0.0339061
0.033897
0.0338846
0.0338941
0.0338995
0.0338956
0.0338953
0.0338823
0.0338928
0.0338928
0.0338887
0.0339039
0.033884
0.0338801
0.0338907
0.0340108
0.0338946
0.0338913
0.0338964
0.033886
0.0338757
0.0338805
0.0338831
0.0338974
0.0338841
0.0338846
0.0338767
0.0338909
0.0338899
0.0338786
0.0338775
0.0338806
0.0338794
0.033873
0.0338798
0.0339587
0.0338918
0.0338703
0.0338879
0.0338856
0.0339193
0.0339351
0.0339162
0.0339114
0.0339437
0.0339136
0.0339809
0.0339058
0.033912
0.0339054
0.0339666
0.033923
0.0339327
0.033918
0.0339273
0.0339145
0.0339206
0.0339111
0.03391
0.033918
0.0339227
0.0339133
0.0339
0.0339041
0.0340453
0.0339071
0.0338995
0.0339003
0.0339294
0.0339097
0.0339568
0.0339176
0.0339782
0.0338945
0.0338939
0.0339065
0.0339146
0.0338905
0.0338864
0.033888
0.0339117
0.0338965
0.0339552
0.0338894
0.0339281
0.0339286
0.0338846
0.0338979
0.0339065
0.0338962
0.0339423
0.0338789
0.0339122
0.033879
0.0338886
0.0338834
0.0338893
0.033882
0.0338819
0.033886
0.033942
0.0339263
0.0339446
0.033938
0.033951
0.0339374
0.0339275
0.0339979
0.0339006
0.0340048
0.0339267
0.0339422
0.0339182
0.0340217
0.033986
0.0339189
0.0339181
0.0339109
0.0339256
0.0339323
0.0339236
0.0339301
0.0339176
0.0339099
0.0339237
0.0339229
0.0339304
0.0339883
0.033927
0.0339232
0.0339335
0.0339189
0.0339832
0.0339169
0.0339113
0.0339209
0.0339193
0.0339161
0.0339082
0.033928
0.0339147
0.0339293
0.033916
0.0339008
0.033907
0.0339257
0.0339478
0.0339034
0.0339944
0.0339806
0.0338873
0.033898
0.0339053
0.0338975
0.0338945
0.0338972
0.0339009
0.0339207
0.0338942
0.0339009
0.0339062
0.0339695
0.0339867
0.0339587
0.0339437
0.0339373
0.0339404
0.03394
0.0339476
0.0339302
0.0339433
0.0339483
0.0339509
0.0339492
0.0339374
0.0339491
0.0339475
0.0339432
0.0339448
0.0339347
0.0339363
0.0339346
0.0339356
0.0339702
0.033934
0.0339378
0.0339282
0.0339266
0.0339465
0.0339233
0.0339445
0.0339249
0.0339363
0.0339089
0.0339089
0.0339095
0.0339324
0.0339284
0.0339221
0.033937
0.0339215
0.0339137
0.0339223
0.0339081
0.0339429
0.0339084
0.0339194
0.0339246
0.0339181
0.0339193
0.0339226
0.03393
0.0339227
0.0338966
0.0339219
0.0339141
0.0339272
0.0339211
0.0339533
0.0339983
0.0339852
0.0340439
0.0339548
0.0339377
0.0339527
0.0339389
0.0339388
0.0339528
0.0339445
0.0339542
0.0339444
0.0339355
0.0339947
0.0339584
0.0339446
0.0339389
0.033926
0.0339505
0.0339466
0.0339686
0.0339427
0.0339619
0.0339381
0.0339273
0.0339428
0.0339243
0.0339183
0.0339289
0.0339229
0.0339885
0.033936
0.0339368
0.0339311
0.0339459
0.0339139
0.033938
0.033926
0.0339182
0.0339332
0.0339531
0.0339762
0.0339162
0.0339316
0.0338998
0.0339242
0.0339288
0.0339217
0.0339526
0.0339103
0.0339143
0.0339285
0.0339085
0.033923
0.0339111
0.0338981
0.0339705
0.0339707
0.0339474
0.0339545
0.0339575
0.0339654
0.0339997
0.0339365
0.0339493
0.033964
0.0339473
0.0339612
0.0339419
0.0339743
0.033924
0.0339422
0.0339329
0.033972
0.0339315
0.0339389
0.0340244
0.0340309
0.0339309
0.0339387
0.0340032
0.0339287
0.0339483
0.0339284
0.033938
0.0339173
0.0339484
0.0339343
0.0339211
0.0339221
0.0339105
0.0339206
0.0339217
0.0339288
0.0339178
0.0339169
0.0338997
0.0339263
0.0339875
0.0339454
0.0339087
0.0339326
0.0339116
0.0339176
0.0339242
0.0339167
0.0339241
0.0339131
0.0339171
0.0339393
0.0339112
0.0339133
0.0339065
0.034
0.0340055
0.0339521
0.0339348
0.0339612
0.033981
0.0339642
0.033944
0.0339707
0.0339717
