0.0293145
0.0245841
0.0238239
0.023691
0.0238142
0.0236352
0.0237272
0.0238811
0.0237093
0.0282558
0.0237648
0.023692
0.023864
0.0236018
0.0238028
0.0236484
0.0238901
0.0236557
0.0236697
0.0237568
0.0237603
0.0238783
0.0238185
0.0236625
0.0237672
0.0239941
0.0236961
0.0238375
0.0238163
0.0238363
0.0237916
0.0237205
0.0236254
0.0239026
0.0238259
0.0237988
0.0237048
0.0238716
0.0235627
0.0240486
0.0238949
0.0238264
0.023679
0.0238432
0.023859
0.0236838
0.0237404
0.0237865
0.0236472
0.0237393
0.0240708
0.0295453
0.0238367
0.023714
0.0237592
0.0238489
0.0236679
0.0237959
0.0237164
0.0237449
0.0238112
0.0237524
0.0238245
0.0238329
0.0236312
0.0238488
0.0236578
0.0239261
0.0236933
0.0239246
0.0237827
0.0237041
0.0237423
0.0238419
0.0237222
0.023835
0.0237733
0.0239253
0.0237035
0.0238767
0.0239117
0.0239155
0.0239005
0.0240458
0.0238844
0.0243039
0.0238718
0.0238501
0.0238406
0.0239749
0.0239388
0.0238006
0.0283499
0.0289609
0.0237708
0.0239662
0.0239936
0.023804
0.0238469
0.0240277
0.0239197
0.0238524
0.0244767
0.0237782
0.0237424
0.024003
0.023869
0.0238945
0.023926
0.0238323
0.0239772
0.0239661
0.0241884
0.0246254
0.0248934
0.0253274
0.0250022
0.0250502
0.201267
0.0280142
0.0264682
0.0264444
0.0267245
0.0264692
0.0266666
0.0270705
0.0312287
0.0264459
0.0265674
0.0265902
0.0263533
0.0265399
0.0267052
0.0266925
0.0265708
0.0263418
0.0266876
0.0264939
0.0266121
0.0264677
0.0265631
0.0263498
0.0271053
0.0261368
0.0265308
0.0265081
0.0265371
0.0266098
0.0269598
0.0263162
0.0265446
0.0259725
0.0264728
0.0268721
0.0265405
0.0262625
0.026706
0.0342524
0.0316511
0.026273
0.027007
0.0265876
0.0261423
0.0267136
0.026636
0.0265523
0.0266189
0.0263974
0.026852
0.0264536
0.0265917
0.0264179
0.0268371
0.026683
0.0264212
0.0265285
0.0265558
0.0265631
0.0266865
0.0260391
0.0271147
0.0262631
0.0265978
0.0266558
0.0263913
0.0269007
0.0264202
0.0266544
0.0265748
0.0263972
0.0266828
0.0264569
0.0265793
0.0267303
0.0295152
0.0342677
0.026161
0.026748
0.026422
0.0268136
0.0270721
0.0270469
0.0272684
0.0276527
0.0278099
0.0277881
0.0280868
0.0277119
0.0278204
0.0513411
0.197487
0.0297199
0.0264424
0.0264587
0.0263094
0.0264947
0.0266614
0.0262907
0.0266136
0.0263939
0.0265192
0.0261157
0.0265207
0.0262158
0.031599
0.0270341
0.0263878
0.0263803
0.0264321
0.0263349
0.0264999
0.0264788
0.026392
0.0264347
0.0265113
0.0263801
0.0263723
0.0266374
0.0264265
0.0263805
0.0265176
0.0264135
0.0264835
0.0265894
0.0262969
0.0264711
0.0266084
0.0264335
0.0265691
0.0262202
0.026453
0.0257835
0.0264621
0.0265501
0.0266417
0.0266164
0.0329492
0.0269659
0.0262264
0.0266132
0.0265251
0.0265529
0.026617
0.0266206
0.026594
0.0263986
0.0266611
0.0264714
0.0266416
0.0268736
0.0266451
0.0266254
0.0270753
0.0268149
0.0268284
0.0269775
0.0267828
0.0269181
0.027005
0.0269383
0.0273338
0.0274108
0.027436
0.0276483
0.0277974
0.198226
0.0373751
0.0329704
0.0265934
0.0268766
0.0269981
0.0265964
0.0268576
0.0265691
0.0267264
0.0269189
0.026672
0.0268438
0.0267134
0.0267858
0.026749
0.0266192
0.0269096
0.0267328
0.0268267
0.0268182
0.0268122
0.0269366
0.0267805
0.0268802
0.0265803
0.0266692
0.0270872
0.0266738
0.0268854
0.0267856
0.0267666
0.0268794
0.02669
0.0269062
0.0268451
0.0269631
0.0266431
0.0334362
0.0302144
0.0268424
0.0268146
0.0269198
0.0266391
0.0269226
0.0268759
0.0270062
0.0267399
0.0266352
0.026832
0.0269515
0.0268577
0.0266599
0.0269886
0.0267452
0.0268679
0.026747
0.026776
0.0268421
0.026813
0.0266974
0.0268009
0.0272236
0.027207
0.0273555
0.026958
0.0265396
0.0273794
0.0272014
0.0269757
0.0376338
0.0276058
0.0280071
0.0281934
0.0280939
0.0279249
0.028111
0.0282479
0.200338
0.0270887
0.0271578
0.0268438
0.0266752
0.0271093
0.0268036
0.027021
0.0271128
0.0267176
0.0269673
0.0267396
0.0272762
0.0268336
0.0271687
0.0269221
0.0269047
0.027075
0.0268234
0.0267953
0.0272587
0.0294963
0.0350133
0.0269165
0.0272488
0.0268186
0.0268027
0.027103
0.0272428
0.0269144
0.0271595
0.0266757
0.0273904
0.0269816
0.026871
0.0270437
0.0269858
0.0271969
0.0268193
0.0269391
0.027028
0.02698
0.0270962
0.0269322
0.0271475
0.0269308
0.0270809
0.0270249
0.0269136
0.0268975
0.0269748
0.0275269
0.0269064
0.0269345
0.0268792
0.0270008
0.0273035
0.0272409
0.0339106
0.0291255
0.0271902
0.0274747
0.0271281
0.0273921
0.0272892
0.0279126
0.0274063
0.0281052
0.0276039
0.0281946
0.0282253
0.0283232
0.0281347
0.198997
0.0287755
0.0266007
0.027091
0.0265708
0.0269308
0.0270581
0.026904
0.0265512
0.0271502
0.0265051
0.0269693
0.0267625
0.0271423
0.0267183
0.0258596
0.0269214
0.0267005
0.0270638
0.0266819
0.0268572
0.0271114
0.0266031
0.0266582
0.0271849
0.0267191
0.0270412
0.0266582
0.02719
0.0263862
0.0269147
0.02674
0.0272176
0.0268437
0.0266213
0.0269403
0.0270268
0.0266063
0.0268575
0.0269616
0.0268209
0.0266351
0.0272012
0.026699
0.0268443
0.0265633
0.0267779
0.0387235
0.0267484
0.0272272
0.0267256
0.0268318
0.0268703
0.0268248
0.0268626
0.0267391
0.0269268
0.0269767
0.0271356
0.0266975
0.0271303
0.0268656
0.0270519
0.0273212
0.0274883
0.027798
0.0279555
0.199597
0.0300559
0.0268907
0.0269921
0.0271396
0.0269606
0.0269881
0.0270023
0.027043
0.0298989
0.0304329
0.0270523
0.0270674
0.0267181
0.0272111
0.0272139
0.0268823
0.0270922
0.0272412
0.0270012
0.026692
0.027109
0.0268253
0.0272524
0.0271329
0.0271374
0.027202
0.0267143
0.0271161
0.0269027
0.0270149
0.027301
0.0268715
0.0273769
0.0265845
0.0271386
0.0269926
0.0271252
0.0269378
0.0271428
0.0272479
0.0266058
0.0269478
0.0273713
0.026925
0.0268938
0.0264635
0.03543
0.0257616
0.0269435
0.0269038
0.0270043
0.0271075
0.0274865
0.0274129
0.0273823
0.0269744
0.0274989
0.0269528
0.0276737
0.0273218
0.0279157
0.0274557
0.0278163
0.0274095
0.0281918
0.0279001
0.0279536
0.201056
0.029993
0.0266756
0.0332053
0.030478
0.0266646
0.0270385
0.0268465
0.0272128
0.026823
0.0268256
0.0270737
0.0267996
0.0267698
0.0270428
0.0270093
0.027023
0.026858
0.0267875
0.0273727
0.0267497
0.026974
0.0268619
0.0270107
0.0268534
0.0271741
0.026976
0.0269209
0.027002
0.0269094
0.0269829
0.0271845
0.0267711
0.027867
0.0259927
0.0270898
0.0270767
0.0266772
0.0277323
0.0316865
0.0265157
0.0336843
0.0278863
0.0267162
0.0270387
0.0269722
0.0269752
0.0270055
0.0269839
0.0266263
0.0279031
0.0271921
0.0270156
0.0272285
0.0275197
0.0275526
0.0272693
0.0276219
0.0270701
0.027662
0.0276687
0.027757
0.0276873
0.200811
0.0295128
0.0269598
0.0270642
0.0271621
0.0271556
0.0291544
0.0331501
0.0290734
0.0271478
0.0270902
0.0270073
0.0270892
0.0271188
0.0269778
0.0269553
0.0271121
0.0263717
0.0269901
0.0269792
0.0271344
0.02701
0.027052
0.0271067
0.0269009
0.0272056
0.0270248
0.0272417
0.026941
0.02711
0.026975
0.0270538
0.0270423
0.0271747
0.0270695
0.026986
0.0270766
0.0270596
0.0359582
0.0279373
0.0269622
0.0270609
0.0271464
0.0268473
0.0272287
0.0270515
0.0271693
0.0269405
0.0271257
0.0272838
0.0270358
0.0273327
0.0269467
0.02748
0.027667
0.0275695
0.0272419
0.0274904
0.0276108
0.199956
0.0299998
0.027035
0.0272902
0.026903
0.0268236
0.0271674
0.0270918
0.0286806
0.0368658
0.0275964
0.02674
0.0270174
0.0271771
0.0270041
0.0269407
0.0271493
0.0271566
0.0269897
0.0270708
0.0271067
0.0268986
0.0270025
0.0271465
0.0271374
0.0268679
0.0270817
0.026986
0.0271156
0.0271638
0.0270723
0.027017
0.0272332
0.0271934
0.0268866
0.0269349
0.0271386
0.0271395
0.0271046
0.0270368
0.0269909
0.026874
0.0272527
0.0269657
0.0272954
0.032923
0.0295767
0.0273861
0.0277479
0.0271268
0.0274246
0.0276476
0.0274757
0.0275079
0.0277211
0.0287343
0.0275412
0.0279218
0.200253
0.0302661
0.0273073
0.0271131
0.0270328
0.0270545
0.027168
0.0271295
0.0270643
0.0271273
0.0271884
0.0272503
0.0314005
0.0272897
0.026947
0.0273683
0.0268926
0.027097
0.0270963
0.0272129
0.0270816
0.0270575
0.0271882
0.0271182
0.0272782
0.0270451
0.027151
0.0270907
0.0271908
0.0272969
0.0274283
0.0270868
0.0270515
0.0271254
0.0270977
0.0271692
0.0270666
0.0270377
0.0271083
0.0272676
0.0272823
0.0269978
0.0271128
0.0272597
0.0276755
0.027553
0.0274086
0.0279425
0.0354905
0.0290216
0.0274838
0.0276285
0.0275395
0.0276547
0.0278584
0.0276798
0.200334
0.0318954
0.0272138
0.026996
0.0270847
0.0271268
0.0270181
0.0273151
0.0269668
0.0272668
0.0271315
0.0270376
0.0270508
0.0272601
0.0272256
0.0269446
0.0272213
0.0270956
0.0271299
0.0269367
0.0272916
0.0272282
0.0322976
0.0300482
0.0281064
0.0273821
0.0267979
0.0271949
0.0271117
0.0270525
0.0271424
0.0270965
0.0271641
0.0269365
0.0271341
0.0271503
0.0270472
0.0272596
0.0272485
0.0270067
0.0270952
0.0271868
0.027095
0.0270717
0.0261732
0.0270339
0.0271802
0.0271226
0.0273516
0.0276642
0.0275158
0.027766
0.0277953
0.0341692
0.0288147
0.0279643
0.0278491
0.0279758
0.201052
0.0326268
0.0271028
0.0271369
0.0271919
0.0271741
0.0270289
0.0271042
0.0271501
0.0271517
0.0271315
0.0269622
0.0271462
0.0272211
0.0270447
0.0270304
0.029088
0.0271334
0.0270414
0.0272144
0.0271607
0.0272694
0.0270596
0.0282784
0.0270952
0.0341568
0.0287125
0.0270038
0.0271723
0.027079
0.027074
0.0270958
0.0271869
0.0272174
0.0272984
0.0269042
0.0270009
0.0271496
0.0272019
0.0271541
0.0272695
0.0271446
0.0270444
0.0275944
0.0275128
0.0275338
0.0273725
0.0276353
0.0276358
0.0275864
0.0277797
0.0275407
0.0278101
0.0288295
0.0287863
0.0283199
0.0282257
0.201008
0.0295993
0.0270319
0.0268866
0.0270494
0.0269922
0.0271113
0.0269222
0.0269896
0.027119
0.026861
0.0269267
0.0269541
0.0270084
0.0272303
0.0267561
0.0269892
0.0268039
0.0270243
0.0277729
0.0269842
0.0269743
0.0268122
0.0270092
0.0271202
0.0268213
0.0274117
0.0265905
0.0274113
0.0301264
0.0296912
0.0306369
0.0268772
0.0268506
0.0271191
0.0270574
0.0268149
0.0272095
0.0269432
0.0271904
0.0268007
0.0269131
0.0270126
0.0269798
0.0268234
0.0270757
0.0269172
0.0274472
0.0275758
0.0273978
0.0277795
0.0283314
0.0276089
0.0278668
0.0279958
0.0280846
0.0280959
0.201657
0.0317275
0.0326367
0.0271673
0.0270562
0.0270678
0.0270253
0.027214
0.0270218
0.0272031
0.0270531
0.0270666
0.0270832
0.0272918
0.0274677
0.0274341
0.0269805
0.0271267
0.0271776
0.0269724
0.027142
0.0270823
0.0271606
0.0270564
0.0272337
0.0270525
0.0270872
0.0270905
0.0270989
0.0271591
0.0271633
0.0269907
0.0270893
0.0272868
0.0268718
0.0271933
0.0272348
0.0271452
0.0291446
0.0357428
0.0271847
0.0289539
0.0272266
0.027033
0.027129
0.0270902
0.0274947
0.0274955
0.0276328
0.027479
0.0277067
0.0276571
0.0275782
0.0281377
0.0279109
0.0282822
0.0283347
0.202197
0.0316814
0.0272302
0.0269982
0.0272587
0.0273525
0.0270068
0.0271349
0.0271588
0.0274138
0.0270467
0.0374883
0.0280812
0.0270408
0.0276014
0.025982
0.0273863
0.0272536
0.0269655
0.0271753
0.0270498
0.0272115
0.0273752
0.027096
0.0271304
0.0271455
0.0273529
0.0271139
0.0272843
0.0272553
0.0270163
0.0271311
0.0271816
0.0270723
0.0272675
0.0273068
0.0273979
0.0270557
0.0272634
0.0273329
0.0270767
0.0270139
0.0326005
0.0313908
0.0288359
0.027092
0.0276534
0.0276217
0.0277344
0.0273523
0.0277324
0.0280882
0.0279206
0.0279925
0.0285902
0.0283454
0.0283137
0.20358
0.034545
0.0271726
0.0272192
0.0272105
0.0272094
0.027346
0.0273794
0.0280175
0.027255
0.0273281
0.0271607
0.027237
0.0272807
0.0284688
0.0387457
0.0271888
0.0313067
0.0273038
0.0272279
0.027213
0.028089
0.0273288
0.0272393
0.0272859
0.0274061
0.0271428
0.0272437
0.0272565
0.0271472
0.0273468
0.0272757
0.0272339
0.0273139
0.0272611
0.0272492
0.0273176
0.0273651
0.0271493
0.0271377
0.0272159
0.0271935
0.0272562
0.0273381
0.0272368
0.0274342
0.0273753
0.027363
0.0279145
0.0279678
0.0274428
0.0393565
0.0281755
0.02851
0.0284859
0.0283151
0.0283013
