0.0131974
0.0128094
0.0127252
0.0126776
0.0127513
0.0126955
0.0126643
0.0127391
0.0127743
0.0127024
0.0127106
0.0126846
0.0127786
0.0126554
0.0127478
0.0126654
0.0127672
0.0127426
0.0126673
0.0126943
0.0127569
0.0128584
0.0128709
0.0127694
0.0127104
0.012833
0.0127255
0.0127897
0.0127327
0.0128188
0.0128609
0.0128207
0.0127334
0.0128197
0.0128085
0.0128671
0.012725
0.0127944
0.0126479
0.0128327
0.012764
0.0127708
0.0127623
0.0128447
0.0128769
0.0128198
0.0128148
0.0128644
0.0127345
0.0127612
0.0127692
0.0127205
0.012735
0.0127107
0.0127014
0.0127431
0.0126759
0.0127782
0.0127552
0.0127918
0.0127183
0.0127485
0.0127701
0.0128549
0.0127066
0.0127556
0.0126997
0.0127915
0.0126592
0.0128013
0.0127597
0.0127198
0.0127076
0.0127101
0.0126776
0.0127171
0.0126959
0.0128075
0.0127489
0.0127995
0.0127891
0.0128064
0.0128069
0.0128965
0.012908
0.012831
0.0127846
0.0127999
0.0127809
0.012853
0.0128941
0.0128445
0.0169593
0.0128324
0.0127578
0.0128117
0.0129154
0.0127714
0.0128096
0.0128465
0.0127576
0.0127526
0.0133065
0.0128351
0.0127543
0.0128359
0.0128264
0.0127941
0.0128335
0.012745
0.0128016
0.0128445
0.0126891
0.0127023
0.0126364
0.0127546
0.012623
0.0127001
0.0205933
0.0153551
0.0152811
0.0151395
0.0152686
0.0151923
0.0153068
0.0158873
0.0152558
0.0150817
0.0151785
0.0151929
0.0150682
0.0150897
0.0151991
0.0153424
0.0153098
0.0150044
0.0151497
0.0151437
0.0151881
0.0150369
0.0150936
0.0149424
0.0155222
0.0150682
0.0151146
0.0150422
0.0150554
0.0150877
0.0153935
0.0150365
0.0150995
0.0152385
0.0151551
0.0153775
0.0153575
0.0150284
0.0151283
0.0227999
0.0152694
0.0149785
0.0153577
0.0153436
0.0150089
0.0152181
0.015309
0.0152356
0.0152229
0.0151022
0.0153067
0.0152919
0.0152617
0.015112
0.0153681
0.0154322
0.0153028
0.015307
0.0153226
0.0153252
0.0154214
0.0148967
0.0153944
0.0151953
0.0151883
0.0152343
0.0150797
0.0153753
0.0152413
0.0153331
0.0153183
0.0150744
0.0153005
0.0152831
0.0153603
0.01536
0.0183036
0.0154686
0.015191
0.0154249
0.0153048
0.0153456
0.0153633
0.0152993
0.0152507
0.0152995
0.0153386
0.0151948
0.0154744
0.0153567
0.0153776
0.0159883
0.0212381
0.0151812
0.0151727
0.0152095
0.0150749
0.0150535
0.0152024
0.0151128
0.0152487
0.0152339
0.0152274
0.0150322
0.0151591
0.0151068
0.0151882
0.0151812
0.0152163
0.0152011
0.015186
0.0151349
0.0151664
0.015248
0.0151828
0.0152041
0.0152358
0.0152428
0.0151265
0.0152012
0.0152069
0.0150977
0.0152424
0.0152592
0.0152588
0.0152438
0.0151358
0.0151796
0.0152652
0.0152037
0.0153228
0.0151876
0.0151983
0.0151809
0.015183
0.0151571
0.015247
0.0152651
0.0150933
0.0154951
0.0151369
0.015171
0.0151115
0.0151323
0.0151759
0.0152323
0.0152727
0.0151912
0.0153158
0.0152217
0.0153059
0.0152065
0.0151718
0.0151129
0.0152304
0.015153
0.0151438
0.0152364
0.0152644
0.0152057
0.0152416
0.0151006
0.0151945
0.015196
0.0151376
0.0151601
0.0152359
0.0211553
0.0217358
0.0154201
0.0152249
0.0153105
0.0155278
0.0154178
0.0155274
0.0153963
0.0153493
0.0154089
0.0154368
0.0154837
0.0154176
0.0154721
0.015393
0.0153302
0.0154252
0.0153242
0.0153633
0.0154115
0.0153838
0.0155358
0.0154746
0.0154597
0.0153344
0.0152481
0.0154703
0.0153099
0.0154354
0.0153749
0.0153186
0.0153744
0.0152526
0.0153402
0.015349
0.015499
0.0153292
0.0194625
0.0153231
0.01533
0.0153833
0.0154954
0.0152307
0.015324
0.0153193
0.015394
0.0154363
0.0153213
0.0153121
0.0154653
0.0155055
0.0153848
0.0154314
0.015374
0.0153952
0.0153828
0.0153752
0.0154566
0.0154838
0.0154431
0.0154092
0.0154332
0.0155047
0.0155431
0.0153675
0.0153697
0.0154754
0.0154396
0.0150188
0.0156745
0.0154326
0.015374
0.0154847
0.0155093
0.0153856
0.0155117
0.0154792
0.0213334
0.0154196
0.0155938
0.0155102
0.0153279
0.0155632
0.0154435
0.0154484
0.0156067
0.0154237
0.0153999
0.0152406
0.0155229
0.0154754
0.0156014
0.0155489
0.0154688
0.0155429
0.0153613
0.0151531
0.0153869
0.0178994
0.0156315
0.0155345
0.0156781
0.0155056
0.015284
0.0153567
0.0156015
0.0154741
0.0156463
0.0153006
0.0156992
0.0156272
0.0154834
0.0155264
0.0155279
0.0156666
0.0155582
0.0153927
0.0154862
0.0154375
0.0154971
0.0153924
0.0155573
0.0154112
0.0154723
0.0154725
0.0153863
0.015258
0.0152061
0.015634
0.0155096
0.0153516
0.0152011
0.0151993
0.0154825
0.0157107
0.0180751
0.0153477
0.0152574
0.0155286
0.0153599
0.0153587
0.0153743
0.0157205
0.015376
0.0154694
0.0152951
0.0152581
0.0154859
0.0154442
0.0154688
0.0207873
0.0153203
0.0151186
0.0153978
0.015079
0.015169
0.0153107
0.0153001
0.01507
0.0154093
0.0150407
0.0151351
0.0150936
0.0154215
0.015341
0.0152548
0.0153489
0.0152294
0.0153974
0.0152536
0.0152196
0.0154686
0.0151913
0.01499
0.015249
0.0151582
0.0153107
0.01512
0.0154206
0.0150765
0.0151013
0.0149598
0.0153068
0.015421
0.0151678
0.0152525
0.0153739
0.0151258
0.0151114
0.0152595
0.0152554
0.0150945
0.0154431
0.0153429
0.0153497
0.0150527
0.015029
0.0151773
0.0150468
0.0154236
0.0153027
0.015206
0.0152888
0.0153002
0.0154091
0.015287
0.015295
0.0154288
0.0154145
0.0151755
0.0151978
0.0151581
0.0149913
0.0148812
0.0150039
0.0153013
0.0154504
0.0208144
0.0154869
0.0153229
0.0152813
0.0154456
0.0154471
0.0154148
0.0153807
0.0154202
0.0182856
0.0151307
0.0151125
0.0151718
0.0148446
0.0150148
0.0151295
0.0150042
0.0150803
0.0153411
0.0152833
0.0149484
0.0149862
0.0147569
0.0149118
0.0150355
0.0151048
0.0153392
0.0150194
0.0151916
0.0150281
0.0150069
0.0152482
0.0151837
0.0155423
0.0150853
0.0151638
0.0150957
0.0151838
0.0150762
0.0151578
0.0153924
0.0149972
0.0149724
0.0152777
0.0152259
0.0151921
0.0146842
0.0152402
0.0151838
0.0150323
0.0149269
0.0149099
0.0149671
0.0150223
0.0151843
0.0151476
0.0149611
0.0152596
0.0149142
0.0150216
0.0150124
0.0153664
0.0153207
0.0152927
0.0148716
0.0151635
0.0150801
0.0147594
0.0213834
0.0152809
0.0149526
0.0153222
0.015345
0.0150699
0.0151873
0.0151457
0.0154062
0.015287
0.0151265
0.0152326
0.0150495
0.0149342
0.0150494
0.0150826
0.0151151
0.0150129
0.0148937
0.0153176
0.0150554
0.0151176
0.0150393
0.0150721
0.0149539
0.0151954
0.0152476
0.0151504
0.0151573
0.0151631
0.0151226
0.0152781
0.0150778
0.0151829
0.0150199
0.0151294
0.0152264
0.0149572
0.0151849
0.0199811
0.0149176
0.0149845
0.0154336
0.0152075
0.015261
0.0152001
0.0152528
0.0152702
0.0153023
0.0149665
0.0153734
0.0153018
0.0149771
0.0149701
0.0149987
0.0151151
0.0151208
0.0152763
0.0149866
0.0152145
0.0151068
0.0150646
0.0151072
0.0207924
0.0157005
0.01566
0.0156697
0.0158064
0.0158657
0.0179753
0.0179818
0.0156508
0.0157401
0.0157305
0.0157428
0.0157327
0.0158094
0.0157667
0.0157026
0.0157403
0.0157667
0.0157037
0.0156835
0.0156996
0.0156935
0.0156786
0.0156326
0.0155891
0.0156574
0.0156491
0.0158098
0.015695
0.0157017
0.0156614
0.0157163
0.0157069
0.0157317
0.0157913
0.0157011
0.0157474
0.0157334
0.0157152
0.0156928
0.0157279
0.015744
0.0158316
0.0156628
0.0157936
0.0157229
0.0158375
0.0157572
0.015764
0.0158136
0.0156955
0.0159171
0.0157259
0.0157299
0.015804
0.0157343
0.015734
0.0157358
0.0156863
0.0210018
0.0155557
0.0155393
0.0156934
0.0156023
0.0153911
0.0155597
0.015536
0.0171874
0.015527
0.0156814
0.0154798
0.0154223
0.0156238
0.0155603
0.015462
0.015521
0.0156085
0.0155259
0.0154956
0.0156232
0.0154666
0.0154198
0.0155327
0.0156221
0.0153416
0.0154845
0.0154453
0.0154549
0.0155635
0.0155352
0.0154708
0.0156135
0.0156956
0.0155803
0.0154489
0.0154835
0.0156197
0.0156366
0.0155366
0.015474
0.015361
0.0154955
0.0154378
0.0156567
0.0215736
0.0156366
0.0154863
0.0158028
0.0154782
0.0154922
0.0154426
0.015414
0.0153376
0.0155053
0.0154736
0.0153392
0.0153548
0.0204091
0.0155122
0.0157034
0.0156325
0.0155824
0.0155447
0.0155515
0.015598
0.015528
0.0155709
0.0156123
0.0156649
0.0155504
0.0156906
0.015489
0.0157226
0.0155443
0.0155398
0.0155143
0.0156022
0.0155773
0.0155778
0.0156119
0.0155353
0.0156498
0.0155558
0.0156103
0.01556
0.0156576
0.0158299
0.0156655
0.0156084
0.0155373
0.0155859
0.0155349
0.015621
0.0155598
0.0155319
0.0155397
0.0155434
0.0156192
0.0155107
0.0155173
0.0156147
0.0155955
0.015584
0.0154583
0.0157441
0.0237397
0.0155626
0.0155553
0.0157541
0.0156022
0.0157018
0.0157881
0.0155834
0.02026
0.0156244
0.0156667
0.0155655
0.015551
0.0156029
0.0154598
0.0156795
0.0155692
0.0157058
0.0156996
0.0156793
0.0155817
0.015581
0.0156209
0.0155096
0.0156709
0.0155963
0.0156278
0.015509
0.0156203
0.015625
0.0153754
0.0153532
0.0156102
0.015886
0.015544
0.0156266
0.0156141
0.0155809
0.0155053
0.0155835
0.0156301
0.0155388
0.0156011
0.0156272
0.0155194
0.0156184
0.0156671
0.0155747
0.0155164
0.015631
0.0156601
0.015556
0.015625
0.0155661
0.0156048
0.0155977
0.0156335
0.0156337
0.0155939
0.0155943
0.0155842
0.0218374
0.0156023
0.0155771
0.0156293
0.0155177
0.0206407
0.0157364
0.0157452
0.0157796
0.0157876
0.0158433
0.015811
0.0157809
0.0157287
0.0158043
0.0157569
0.0157014
0.0157659
0.0158538
0.015739
0.0156463
0.0157442
0.0157304
0.0156941
0.0157608
0.0157231
0.0157916
0.0156965
0.0157584
0.0157655
0.015721
0.0159149
0.01579
0.0158296
0.0158266
0.0157689
0.0157444
0.0157791
0.0158283
0.0158743
0.0157404
0.0157359
0.0157369
0.0157442
0.015722
0.0158386
0.0158676
0.0157324
0.0158182
0.0157238
0.0157247
0.0157412
0.0156748
0.0157971
0.0156337
0.0158808
0.0157904
0.015669
0.0157217
0.0156914
0.0156891
0.0157237
0.0202096
0.015533
0.0156323
0.0155078
0.0155551
0.0155653
0.0156049
0.0155601
0.015639
0.0155026
0.0155724
0.015515
0.0154821
0.0154763
0.0157011
0.0154977
0.0155994
0.0154736
0.0154751
0.0156046
0.0156626
0.0156142
0.0154647
0.0154785
0.0156293
0.0154609
0.0158612
0.0154917
0.0159503
0.0195207
0.0158359
0.0158597
0.0158283
0.0157661
0.0157857
0.0158225
0.0156331
0.0158962
0.0158354
0.0159258
0.0158379
0.015768
0.0158197
0.015818
0.0157573
0.0158439
0.0157209
0.0157888
0.0158234
0.0158477
0.0160156
0.016117
0.0159035
0.0158162
0.0157682
0.0158441
0.0157203
0.020475
0.0159076
0.0159575
0.0159161
0.0159781
0.0159368
0.0158975
0.0159234
0.0158736
0.0159228
0.0159871
0.0159375
0.0158922
0.0159906
0.0157804
0.0159538
0.0159475
0.0159384
0.0160285
0.0159311
0.0159262
0.0158805
0.0159311
0.0158477
0.0158949
0.015924
0.0159152
0.0158544
0.015849
0.0158605
0.0159483
0.0158942
0.0158543
0.0159581
0.0157937
0.0158896
0.0159548
0.0159418
0.0177908
0.0160407
0.0159098
0.015817
0.0161295
0.0159157
0.0159436
0.0158843
0.0158439
0.0159111
0.0158677
0.0159043
0.0159366
0.015824
0.0157245
0.0159052
0.0157198
0.0157639
0.0156959
0.0204867
0.0154638
0.0154643
0.0153708
0.0155067
0.015493
0.015434
0.0154183
0.0154201
0.0156989
0.0154381
0.0231387
0.015399
0.0153906
0.0156912
0.0153653
0.0155756
0.0156603
0.0154663
0.0154577
0.0153592
0.0153931
0.0155783
0.0155081
0.0154206
0.0153903
0.0154586
0.015382
0.0154621
0.0155407
0.0153799
0.0153604
0.015409
0.0152663
0.015383
0.0155087
0.0155223
0.0154128
0.0154398
0.0156215
0.0155158
0.0153501
0.0208421
0.0153545
0.0155479
0.0154227
0.0154118
0.0156376
0.0158105
0.0153637
0.0152593
0.0154545
0.0154324
0.0152925
0.015461
0.0154934
0.0154645
0.0210447
0.0162002
0.0162047
0.0161494
0.0161694
0.0161478
0.016232
0.0162408
0.0162271
0.0162124
0.0162222
0.016237
0.016182
0.0162129
0.0174232
0.0162296
0.016161
0.0162203
0.0162452
0.016208
0.0161498
0.016227
0.0162576
0.0161783
0.0161807
0.0161671
0.0162251
0.0162037
0.0162203
0.0161235
0.0162317
0.0162443
0.0161662
0.0162033
0.0162109
0.0161592
0.0162367
0.0162203
0.016279
0.0161814
0.0161402
0.0161303
0.0161808
0.0162834
0.0161927
0.0161834
0.016199
0.0162448
0.0163093
0.0161266
0.0155489
0.0162183
0.0161321
0.0162668
0.0162352
0.0161427
0.0161365
