0.00936803
0.00936576
0.00940682
0.00939898
0.00939741
0.00937654
0.00936141
0.00940838
0.00937546
0.00935766
0.0093719
0.00938822
0.00940182
0.00938042
0.00936128
0.00937693
0.00937517
0.0093527
0.00937462
0.00940637
0.00938141
0.00936938
0.0093961
0.00939872
0.00940067
0.00937347
0.0094111
0.00937878
0.00939693
0.00941328
0.00937965
0.00940554
0.00937421
0.00935798
0.00937485
0.00936042
0.0093991
0.00939725
0.0093905
0.00936832
0.00936582
0.00940547
0.00937242
0.00935299
0.00937728
0.0093576
0.00937802
0.00941011
0.00940157
0.00937373
0.00938102
0.00937411
0.00939776
0.00935734
0.00937098
0.00937267
0.00938301
0.00937654
0.00937888
0.00936794
0.009372
0.00937142
0.00937904
0.00935674
0.00937434
0.00941834
0.00937315
0.00937069
0.00940202
0.00936634
0.00939821
0.0093712
0.00937354
0.00939869
0.00936573
0.00937421
0.00937043
0.00937018
0.00935536
0.00940605
0.00936026
0.00937821
0.00934874
0.00940544
0.00937478
0.00939827
0.00938512
0.00937062
0.00937709
0.00937584
0.00937078
0.00937683
0.0093936
0.00937552
0.00937558
0.0093744
0.00937478
0.00938054
0.00935888
0.00940758
0.00937219
0.00936262
0.00937306
0.00939878
0.00937072
0.00940864
0.0094119
0.00937069
0.00935766
0.0094063
0.00937168
0.00937626
0.00937174
0.00940253
0.00935318
0.00935971
0.00936902
0.00937514
0.00929514
0.00926374
0.00925619
0.00925011
0.0092536
0.00927811
0.00925914
0.00925309
0.00925235
0.00929126
0.00928771
0.00928634
0.00928016
0.00927981
0.00930192
0.00929741
0.00929827
0.00929862
0.00927824
0.00925584
0.00929501
0.00927786
0.00928848
0.00925171
0.00929296
0.00928627
0.00929146
0.00927574
0.00929162
0.00927926
0.00929046
0.00928634
0.00927498
0.00928752
0.009288
0.00928522
0.00928768
0.00928922
0.00928198
0.00925194
0.00930531
0.00925066
0.00929539
0.00929136
0.00925187
0.00929235
0.00929133
0.00927709
0.00928938
0.00925757
0.00929402
0.00925642
0.00928749
0.00928765
0.0092991
0.00930413
0.00929715
0.00928714
0.00929306
0.00929526
0.00929475
0.0092833
0.00928342
0.00929277
0.00928102
0.00929043
0.0092817
0.00929037
0.00925661
0.00928416
0.00930205
0.00929642
0.00929206
0.00928707
0.00928877
0.00929411
0.00928918
0.00928826
0.00926458
0.00928064
0.00930954
0.00929158
0.00926269
0.00928566
0.00929795
0.00929034
0.00929283
0.00928326
0.00929597
0.00928954
0.00930416
0.0092927
0.00926806
0.00924595
0.00926653
0.00927814
0.00923686
0.00926278
0.00926714
0.00927472
0.00928534
0.00927389
0.00926704
0.00922899
0.00926563
0.00924451
0.00928093
0.0092752
0.00927379
0.00926928
0.00927011
0.00927274
0.00923987
0.00926413
0.00927075
0.00927613
0.00926646
0.00923994
0.00927187
0.00927856
0.00926605
0.00926445
0.00923933
0.00923414
0.00927917
0.00927453
0.00925872
0.00922973
0.00926384
0.0092616
0.00927328
0.00923818
0.00923251
0.00924461
0.00924163
0.00926771
0.00928019
0.00926928
0.00926701
0.00927757
0.00923818
0.00924486
0.00926032
0.00927232
0.00926157
0.00925683
0.00927267
0.00926442
0.0092721
0.00926416
0.00926301
0.00923738
0.00926835
0.00926202
0.0092823
0.00922611
0.00926694
0.00927821
0.00927341
0.00927382
0.00926298
0.00923587
0.00923558
0.00926944
0.00926509
0.00927114
0.0092632
0.00926502
0.00926445
0.00927686
0.00926
0.00927062
0.00925754
0.00926691
0.0092768
0.00926851
0.0092607
0.00924474
0.00926746
0.00927107
0.00927994
0.00927949
0.00926448
0.00922714
0.00925853
0.00926186
0.00926995
0.00926182
0.00923139
0.00926003
0.0092745
0.00927878
0.00926522
0.00922848
0.00925706
0.00925571
0.00927018
0.0092392
0.00925514
0.00926851
0.00926483
0.00925942
0.00926326
0.00925606
0.00926634
0.00925114
0.00926349
0.00926848
0.00926438
0.00926179
0.00922842
0.00926909
0.00926531
0.00927331
0.0092687
0.00925526
0.00926147
0.0092353
0.00926413
0.00926534
0.00926685
0.00927152
0.00926893
0.0092591
0.00927488
0.00925779
0.00926682
0.00926016
0.00925699
0.0092681
0.00927018
0.00926784
0.00926298
0.0092671
0.00926518
0.00922822
0.0092617
0.00926413
0.00926832
0.00927472
0.00926662
0.00926221
0.00923533
0.00925722
0.00925888
0.00926573
0.00925174
0.00925645
0.00925667
0.00925162
0.00925757
0.00925674
0.00926064
0.00926576
0.00925379
0.00925536
0.00925917
0.00925514
0.00924874
0.00925814
0.00925731
0.0092616
0.00925616
0.00925206
0.00924733
0.00925523
0.00924573
0.00924826
0.00925619
0.00926794
0.00926038
0.0092584
0.00922816
0.00926166
0.00924963
0.0092367
0.0092537
0.00925763
0.00926099
0.0092551
0.00924726
0.00924634
0.00925834
0.00924154
0.00925245
0.0092497
0.00925194
0.00925594
0.00926416
0.00922432
0.00921894
0.00925702
0.00925021
0.00925382
0.00925523
0.00922362
0.00925571
0.00922954
0.00925645
0.00925357
0.00924771
0.0092288
0.00926413
0.00925686
0.00924669
0.00925043
0.00925878
0.00925763
0.0092552
0.00924576
0.00925632
0.00925264
0.00925766
0.00925501
0.00925286
0.0092568
0.00925939
0.00925373
0.00924694
0.00925363
0.00925235
0.00925565
0.00921648
0.00924714
0.00924746
0.00925354
0.00924758
0.00923946
0.0092207
0.00924493
0.00925485
0.00926835
0.00925763
0.00925024
0.00924544
0.0092569
0.0092663
0.009248
0.00924656
0.00923411
0.00924627
0.00926125
0.00924371
0.00925347
0.00925741
0.00925011
0.00925507
0.00925469
0.00925315
0.00924262
0.00925402
0.00924336
0.00925741
0.00925267
0.00924691
0.00926541
0.00924528
0.00924067
0.00924413
0.00922218
0.00925094
0.00924598
0.00926246
0.00921837
0.00924966
0.00923962
0.00925469
0.00921917
0.00925312
0.00924298
0.0092176
0.00925046
0.00925773
0.00925978
0.00926576
0.00925978
0.0092657
0.00925578
0.00925171
0.00925018
0.00924928
0.0092441
0.00924669
0.00925021
0.00925398
0.00925754
0.00921206
0.0092439
0.00924938
0.00922416
0.00925085
0.00925011
0.00922275
0.00923459
0.0092455
0.00924771
0.00925018
0.00925158
0.00923981
0.00924243
0.00924134
0.0092471
0.00924298
0.0092496
0.00923984
0.00924144
0.00921936
0.00924499
0.00924979
0.00923994
0.00924474
0.0092183
0.00923984
0.00925085
0.00924269
0.00921168
0.00924486
0.00924502
0.00925456
0.00924202
0.00924963
0.00925018
0.00924464
0.0092423
0.00925674
0.00923469
0.00924598
0.00924026
0.00923267
0.00925373
0.00924298
0.00924144
0.0092447
0.00923805
0.00924899
0.00925664
0.00924339
0.00924282
0.00924611
0.00925398
0.00924746
0.00924963
0.00924995
0.00924486
0.00923734
0.00921162
0.0092399
0.00924272
0.00925091
0.00925002
0.00924528
0.00924832
0.00924794
0.00921069
0.0092481
0.00924278
0.00924234
0.00924234
0.00925014
0.00924602
0.00924736
0.00925472
0.00923603
0.00923872
0.00923818
0.00925664
0.00924918
0.00925165
0.00924614
0.00924755
0.0092408
0.00921098
0.00924528
0.00924813
0.00924922
0.00924378
0.00923562
0.00924819
0.00921747
0.00922112
0.00923984
0.00923914
0.0092137
0.00924883
0.0092431
0.00924634
0.00971389
0.00925674
0.00923056
0.00925104
0.00926282
0.00925088
0.00926336
0.00926899
0.00925885
0.00926144
0.00926378
0.00925731
0.00926278
0.00922438
0.00926451
0.00926371
0.00925414
0.00925722
0.0092392
0.00926739
0.00923283
0.00925635
0.00925405
0.00925357
0.00925584
0.00922438
0.00927344
0.00924467
0.00924534
0.00923482
0.00926598
0.00925651
0.00926173
0.00926384
0.00927629
0.00926803
0.00925706
0.00924989
0.00925373
0.00926384
0.00926435
0.00926496
0.00926765
0.00925178
0.00927331
0.00926253
0.00927066
0.00926502
0.00926598
0.00922848
0.00926339
0.00925686
0.00925939
0.00927498
0.00923184
0.00925853
0.00925133
0.00927341
0.00927715
0.00927981
0.00926362
0.00924608
0.00924918
0.00925654
0.00926755
0.0092649
0.00926291
0.00924886
0.00927309
0.00925702
0.00922966
0.00926262
0.00926451
0.00927507
0.00926109
0.00926554
0.00927782
0.00926656
0.00926237
0.00925558
0.00926362
0.00927622
0.00925459
0.0092609
0.00925645
0.00925722
0.00926579
0.00923267
0.00925766
0.00925712
0.0092663
0.00925699
0.00925699
0.0092591
0.00925398
0.00925392
0.00925645
0.00924624
0.00926205
0.00925443
0.00921923
0.00925814
0.00921424
0.00926749
0.00922842
0.00925651
0.00925562
0.0092543
0.00925331
0.00924778
0.00925523
0.00925645
0.00922365
0.00922256
0.00925546
0.00926211
0.00925062
0.00926874
0.00921574
0.00926237
0.00924992
0.0092481
0.00925994
0.0092584
0.00925238
0.00925885
0.00925174
0.00925587
0.00926442
0.00925802
0.00926458
0.00925114
0.00925274
0.00926339
0.00925661
0.00925286
0.0092233
0.00924006
0.00925293
0.00925728
0.00926112
0.00924928
0.00925542
0.00925728
0.00926931
0.00924746
0.00924506
0.00926899
0.00925763
0.00925123
0.00925757
0.00922298
0.00921958
0.0092528
0.00921917
0.00923968
0.00923907
0.00924691
0.00924794
0.00925526
0.00925738
0.00925344
0.00926176
0.0092471
0.0092552
0.00925917
0.00926685
0.00924998
0.00925952
0.00921766
0.00925491
0.00926806
0.00926035
0.00925811
0.00925264
0.0092623
0.00924547
0.00926672
0.0092535
0.00926074
0.00925491
0.0092583
0.00925635
0.0092536
0.00925942
0.0092575
0.00924291
0.00925731
0.00925264
0.00925578
0.00925366
0.00925254
0.00924586
0.00926403
0.00926272
0.00927069
0.00922774
0.00925498
0.00921075
0.0092207
0.00926205
0.00924416
0.00925594
0.00926182
0.00925469
0.00925805
0.0092465
0.00926224
0.00924496
0.00924966
0.00925654
0.0092503
0.0092169
0.00924989
0.00925466
0.00924579
0.00924662
0.00924803
0.00924451
0.00920842
0.00925411
0.00924723
0.00923766
0.00924202
0.00924227
0.00926099
0.00923085
0.0092553
0.00925078
0.00925526
0.00924867
0.009248
0.00921075
0.00925245
0.00925325
0.0092504
0.0092511
0.00921232
0.00924832
0.00925274
0.00925219
0.00922112
0.00924842
0.0092449
0.00923459
0.0092136
0.00924957
0.00921178
0.00925472
0.0092487
0.00926045
0.00924362
0.0092544
0.00924723
0.00924707
0.00926224
0.00926704
0.00924797
0.00924576
0.00924886
0.00924701
0.00924992
0.00923715
0.00925142
0.00921606
0.00926518
0.00924227
0.0092271
0.00920925
0.00925581
0.00924723
0.0092551
0.00924746
0.0092529
0.00925894
0.00925184
0.00925059
0.00921667
0.00926141
0.00924461
0.00926451
0.00922077
0.00924499
0.00924077
0.00925066
0.00924934
0.00924589
0.00925789
0.00925453
0.00926467
0.00924474
0.00924534
0.00924941
0.0092561
0.0092569
0.00924618
0.00925434
0.00924816
0.00925811
0.00924029
0.00924656
0.00925664
0.00925283
0.00926928
0.00925683
0.00925171
0.00926432
0.00925638
0.00924762
0.00926042
0.00924384
0.009248
0.00925261
0.00925363
0.00925283
0.0092607
0.00925933
0.00924461
0.00922109
0.0092441
0.00925354
0.0092496
0.00925709
0.00924925
0.00924749
0.00924483
0.00921386
0.00924774
0.00925914
0.00925299
0.0092455
0.00924496
0.00924861
0.00925491
0.00924778
0.0092464
0.00923645
0.00925034
0.00926134
0.00925158
0.00924336
0.0092583
0.00924339
0.00922038
0.00924586
0.00924058
0.00923814
0.00925517
0.00926154
0.00927002
0.00922358
0.00921702
0.00925309
0.00925091
0.00925616
0.00925968
0.00924208
0.00924326
0.00925014
0.00925094
0.00925472
0.00924979
0.00924298
0.00925414
0.00925178
0.00921146
0.00925597
0.0092585
0.00926816
0.00924714
0.00924989
0.00926429
0.00925363
0.00924925
0.00925699
0.00921043
0.00925635
0.00925482
0.00924605
0.00925693
0.00926173
0.00922166
0.00925325
0.00924669
0.00925939
0.00924771
0.00925648
0.00926208
0.00924781
0.00925437
0.009252
0.00925402
0.0092481
0.00926131
0.00925344
0.0092599
0.00924986
0.00925661
0.00925328
0.00925613
0.00924448
0.0092488
0.00926157
0.00925568
0.00925856
0.00925718
0.00925661
0.00926022
0.00924589
0.00925763
0.00923754
0.00925626
0.00924848
0.00923411
0.00925405
0.00921728
0.00921798
0.00924685
0.00925232
0.00925341
0.00927552
0.0092537
0.0092503
0.00924243
0.00925216
0.00925715
0.00924723
0.00920675
0.00924531
0.00924554
0.00925712
0.00924691
0.00924598
0.00924976
0.00925062
0.00925389
0.00921344
0.00923939
0.00924416
0.00924051
0.00925478
0.00924384
0.00925114
0.00921443
0.00925507
0.00922259
0.00925325
0.00921792
0.00925792
0.0092567
0.00924352
0.00924438
0.00925616
0.00924931
0.00925306
0.00925619
0.0092447
0.00924717
0.00925264
0.0092487
0.0092479
0.00925126
0.00923398
0.00924746
0.00925651
0.00924374
0.00924954
0.0092463
0.009248
0.00925197
0.00924909
0.0092425
0.00923997
0.00925526
0.00925078
0.00924538
0.00922877
0.0092551
0.00924902
0.00923763
0.00924333
0.00925107
0.00924806
0.00925773
0.00924202
0.0092448
0.00924858
0.00924749
0.00925347
0.00925856
0.00926074
0.00925146
0.0092488
0.00925302
0.00925853
0.00924589
0.00925037
0.00926845
0.00925738
0.00924778
0.00925619
0.00925485
0.00923091
0.00925517
0.00922656
0.00926074
0.00925408
0.0092607
0.00924957
0.00925325
0.00924867
0.00925085
0.00925485
0.0092519
0.00924573
0.00924922
0.00925562
0.00925158
0.00925584
0.0092519
0.00925642
0.00924851
0.00925968
0.0092585
0.00927034
0.0092561
0.00926
0.00926214
0.0092584
0.00924653
0.00925555
0.00925139
0.00925914
0.00924522
0.009264
0.0092487
0.00925978
0.00926096
0.00923027
0.00925078
0.00926736
0.00925472
0.00925126
0.0092479
0.0092465
0.0092513
