0.0100536
0.0100151
0.0100549
0.0100455
0.0100391
0.0100133
0.0100023
0.0100513
0.0100152
0.00999188
0.0100133
0.0100297
0.0100489
0.0100315
0.0100004
0.0100124
0.0100111
0.00999126
0.0100138
0.0100374
0.0100231
0.010013
0.0100364
0.0100423
0.0100383
0.0100156
0.0100481
0.0100309
0.010044
0.0100535
0.0100235
0.0100457
0.0100201
0.00999367
0.0100091
0.0100026
0.0100465
0.0100415
0.0100478
0.0100121
0.0100104
0.0100601
0.0100215
0.0100116
0.0100109
0.00999341
0.0100133
0.0100424
0.0100393
0.0100149
0.010018
0.0100147
0.010048
0.00998746
0.0100064
0.0100125
0.0100243
0.0100146
0.0100226
0.0100082
0.0100137
0.0100028
0.0100181
0.00999185
0.0100124
0.0100597
0.0100272
0.0100215
0.010048
0.0100298
0.0100353
0.0100093
0.0100068
0.010036
0.010002
0.0100078
0.0100028
0.0100109
0.010005
0.0100528
0.0100044
0.0100112
0.00998875
0.0100416
0.0100095
0.0100393
0.0100211
0.00999998
0.0100199
0.0100279
0.01001
0.010011
0.0103576
0.0100135
0.0100161
0.0100111
0.010014
0.0100296
0.010004
0.0100481
0.0100314
0.00999445
0.0100117
0.0100477
0.0100067
0.0100535
0.0100623
0.0100184
0.0100018
0.0100461
0.0100157
0.0100234
0.010012
0.0100423
0.0099886
0.0100105
0.0100208
0.0100175
0.00991081
0.00987953
0.00986831
0.00987682
0.00986233
0.009883
0.00988
0.00986479
0.00986002
0.00990307
0.00990012
0.00990546
0.00989291
0.00989732
0.00991722
0.00990653
0.00991121
0.00991799
0.00991051
0.00986701
0.00989808
0.00988557
0.00989765
0.00987367
0.00990163
0.00990412
0.00990374
0.00989159
0.00991099
0.00989235
0.00990538
0.00989828
0.00989077
0.00990424
0.00991279
0.00989345
0.00989842
0.00990052
0.00988847
0.00986604
0.00992412
0.00986451
0.00991318
0.00990554
0.00986465
0.00990806
0.00990745
0.00988667
0.00990301
0.00986259
0.00990764
0.00986897
0.00990606
0.0099022
0.00991026
0.00992558
0.00990778
0.00990614
0.00990839
0.0099102
0.00990893
0.00989354
0.00994315
0.00990457
0.00989702
0.00990377
0.00988992
0.00990338
0.00987047
0.00989277
0.00991858
0.00991996
0.0099093
0.00990339
0.009908
0.00990138
0.00990398
0.00989734
0.00988083
0.00990322
0.00991955
0.00990754
0.00989032
0.00989961
0.00990962
0.00990357
0.00990111
0.00989586
0.00990901
0.00989985
0.00994497
0.00991829
0.0098703
0.00985557
0.00987395
0.0098833
0.00984036
0.00986683
0.00986149
0.00987831
0.00989863
0.00987177
0.00987419
0.0098324
0.00986624
0.00984442
0.00988936
0.00988643
0.0098829
0.00986499
0.00987134
0.00988072
0.00984512
0.00986714
0.0098784
0.00987994
0.00986783
0.00983682
0.00986736
0.0098858
0.00986615
0.00986956
0.00984329
0.00984256
0.0098878
0.00988014
0.00986103
0.00983088
0.00986752
0.00985905
0.00987895
0.00982538
0.00983122
0.0098489
0.00984035
0.00986243
0.0098871
0.0098582
0.00987091
0.00988773
0.00983179
0.00985849
0.00986385
0.0098778
0.00986986
0.00985685
0.00986956
0.00986653
0.00987709
0.00987153
0.00986201
0.00983835
0.00987042
0.00986662
0.0098753
0.00982407
0.00986948
0.0098761
0.00987333
0.00988475
0.00986038
0.00983891
0.00984221
0.00986833
0.00986949
0.00989988
0.00987243
0.00986204
0.00986093
0.00987431
0.00985718
0.00986935
0.00985227
0.00985945
0.00986831
0.00985327
0.0098655
0.00983655
0.00986167
0.00985935
0.00987603
0.00988028
0.00986613
0.00982071
0.00985913
0.00986111
0.00986671
0.00985332
0.00982184
0.00986477
0.0098733
0.00990768
0.0098604
0.00981635
0.00984973
0.00984718
0.009869
0.00983681
0.00985508
0.00986432
0.00986074
0.00984992
0.00985412
0.00984619
0.00986253
0.00984497
0.00985748
0.00986829
0.00985978
0.00986353
0.00981851
0.00987819
0.00985409
0.00993067
0.00986266
0.00983984
0.00985458
0.00982158
0.00986815
0.00985476
0.00985781
0.0098687
0.0098599
0.00985818
0.00986717
0.00985114
0.00985455
0.00984909
0.00985474
0.00986072
0.00985996
0.00985734
0.00985595
0.00989533
0.00985441
0.00982206
0.00984776
0.0098596
0.00987205
0.009878
0.0098709
0.00985324
0.00982949
0.00985489
0.00984377
0.0106702
0.00984247
0.00984714
0.00984752
0.00984153
0.00984427
0.00984096
0.00985658
0.00985775
0.0098403
0.00984277
0.00984064
0.00984765
0.009831
0.00985056
0.00984315
0.00984951
0.00984489
0.00983892
0.0098308
0.00984443
0.00983181
0.00983575
0.00985223
0.00986245
0.00984744
0.0098496
0.00982441
0.00984539
0.0098344
0.00983169
0.00988659
0.00983786
0.00984609
0.00984957
0.00983983
0.00983778
0.00985331
0.00982739
0.0098521
0.00983615
0.00984749
0.00985448
0.00985674
0.00981237
0.00980527
0.0098434
0.00984256
0.00983858
0.00983547
0.00981055
0.00984795
0.00981593
0.00984281
0.00983613
0.00983287
0.00981353
0.00984723
0.00985173
0.00983433
0.00983427
0.00984683
0.00984385
0.00984789
0.0098288
0.00983836
0.00983991
0.00985045
0.00984495
0.00983863
0.00985198
0.00984412
0.0098383
0.00983715
0.00984045
0.00984223
0.009839
0.00979753
0.00983914
0.00984091
0.00983521
0.00982806
0.00982384
0.00980389
0.00982609
0.00983929
0.00984967
0.00984062
0.00984625
0.0098278
0.00984622
0.00984759
0.00984257
0.00983559
0.00982423
0.00983231
0.00985649
0.00982605
0.00983821
0.00984836
0.0098377
0.00983369
0.00983363
0.0098334
0.00982672
0.00983935
0.00982797
0.00984139
0.00984384
0.00982695
0.00985514
0.00983197
0.00982432
0.0098331
0.00981173
0.00983022
0.00983016
0.00985629
0.00980229
0.00983633
0.00982245
0.00984147
0.00980307
0.00983592
0.00982539
0.00979873
0.00983327
0.00984815
0.00984647
0.00985439
0.00985014
0.00985389
0.00983772
0.00983443
0.00983261
0.00984082
0.0098286
0.00984575
0.00983391
0.0098489
0.0102957
0.00979463
0.00982479
0.00982976
0.00981357
0.00983783
0.00982844
0.00981436
0.0098207
0.00982474
0.00983246
0.00983586
0.00983442
0.00982673
0.0098207
0.00982074
0.00982842
0.0098256
0.00983632
0.00981824
0.0098197
0.00979884
0.00982813
0.00984101
0.0098226
0.00982734
0.00980716
0.00983592
0.00984241
0.00982641
0.00979706
0.00982931
0.00986047
0.00984093
0.00982772
0.00982842
0.00984426
0.00983105
0.00982295
0.00983853
0.00982499
0.00983026
0.00981958
0.00981233
0.00983819
0.00982821
0.00982679
0.00983133
0.00983219
0.00983579
0.00984427
0.00982487
0.00983611
0.00983286
0.00983581
0.00983011
0.00982908
0.00983582
0.00982974
0.00982191
0.00979173
0.00982252
0.0098219
0.00983717
0.00983049
0.00983014
0.00982971
0.00983258
0.00979963
0.00983738
0.00982772
0.00982253
0.00983083
0.00983803
0.00983031
0.00982964
0.00983959
0.00982455
0.00983203
0.0098203
0.00983967
0.00983476
0.0098394
0.00983104
0.00982927
0.00983081
0.00979172
0.00983071
0.00983137
0.00983172
0.00982569
0.00981619
0.00982764
0.00981162
0.00980685
0.00982451
0.00982191
0.00981102
0.00983169
0.00982948
0.00983127
0.010683
0.00984445
0.00981302
0.0098658
0.00985084
0.00983694
0.00984312
0.0098488
0.00984409
0.00984451
0.0098461
0.00984444
0.00984524
0.00980868
0.00984497
0.00984951
0.00984049
0.00985363
0.00981847
0.00984177
0.00981554
0.00984051
0.00984488
0.00983745
0.00983272
0.00980553
0.00985929
0.00982814
0.00983013
0.00982019
0.00984828
0.00984852
0.00984944
0.00985
0.00986265
0.00984991
0.00983664
0.00983281
0.00984247
0.00985479
0.00985862
0.00984614
0.00985467
0.00983901
0.00986124
0.00985036
0.00987108
0.00985874
0.00985308
0.00981132
0.00986181
0.00984172
0.00984457
0.00986093
0.00982388
0.00985523
0.00984614
0.00986014
0.00988104
0.00986626
0.00984754
0.00983594
0.00983693
0.00984518
0.00984852
0.00984943
0.00985106
0.00983447
0.00985848
0.00984892
0.00981734
0.00985276
0.0098491
0.00986429
0.00984788
0.00986218
0.00986244
0.00985446
0.00984995
0.00983884
0.0098568
0.0098609
0.00984925
0.00985287
0.00983964
0.0100578
0.00984852
0.00981879
0.0098383
0.00984111
0.00985372
0.0098458
0.00984818
0.00984496
0.00983275
0.00984196
0.00985997
0.0098278
0.00985151
0.00984728
0.00979841
0.00984813
0.00980007
0.00984762
0.00981506
0.00984558
0.00984027
0.00984221
0.00984482
0.00983648
0.00983623
0.00984356
0.00981181
0.00980009
0.00985429
0.00984644
0.00983934
0.00985204
0.00981621
0.00985301
0.00983601
0.00983413
0.00984775
0.00984569
0.0098386
0.00985172
0.00983726
0.00984454
0.00985489
0.00984645
0.0098487
0.00983879
0.00983471
0.00985275
0.00983901
0.00983368
0.0098119
0.00982891
0.0098465
0.00983709
0.00984314
0.00983394
0.00991586
0.00984375
0.00985368
0.00983579
0.00983265
0.0105038
0.00984985
0.00984864
0.00983903
0.00981329
0.00981136
0.00984943
0.00980785
0.00982526
0.00982254
0.00983356
0.00983807
0.00984539
0.00984145
0.00985257
0.00985531
0.00984122
0.00984673
0.00985077
0.00985007
0.0098449
0.00983849
0.00980879
0.00984552
0.0098526
0.00984722
0.00983837
0.00984551
0.00985305
0.00982845
0.00985342
0.00984026
0.00984681
0.00984336
0.00984839
0.00984204
0.00984083
0.00984174
0.0098402
0.0098328
0.00984934
0.00983417
0.00984868
0.00984265
0.00984182
0.00982953
0.00984965
0.0098519
0.00985822
0.00983522
0.00984088
0.00979912
0.00981077
0.00984376
0.00983799
0.0098444
0.00984817
0.00984265
0.00985241
0.00983661
0.00984775
0.00983037
0.00983882
0.00984406
0.00983897
0.00981671
0.00983864
0.00984868
0.00984002
0.00983576
0.00983905
0.0098315
0.00980057
0.00986203
0.00983979
0.0098252
0.00983339
0.00989734
0.00984472
0.00983478
0.00984186
0.00984542
0.00983718
0.00984141
0.00983552
0.00980656
0.00988951
0.00983831
0.00983458
0.00984059
0.00979948
0.00984353
0.00984581
0.00983957
0.00981609
0.00982817
0.00983593
0.0098274
0.00980504
0.00983731
0.00980135
0.00984728
0.00983983
0.00985555
0.00983388
0.00984762
0.00984107
0.00983146
0.00986417
0.00985908
0.00984361
0.00983492
0.00984477
0.00984078
0.00984897
0.00983687
0.00984851
0.00980991
0.00985706
0.00983372
0.00982263
0.00980116
0.00983916
0.00983758
0.00984025
0.0098416
0.00985095
0.00985183
0.00984698
0.00984869
0.00985304
0.00985677
0.00983111
0.00985804
0.0098207
0.00983723
0.00983187
0.00984167
0.00984792
0.00983761
0.00985333
0.00984338
0.0098556
0.00984052
0.0098435
0.0098407
0.00984462
0.00985585
0.00992374
0.00985966
0.00983348
0.00985302
0.00983035
0.00984204
0.00985264
0.00984081
0.00986025
0.00985736
0.00984849
0.0098528
0.00984463
0.0098358
0.00985217
0.00997659
0.00984211
0.00984302
0.00984112
0.00984241
0.0098548
0.00985642
0.00983688
0.00981204
0.00984604
0.00984723
0.00983215
0.00984315
0.00983683
0.00984788
0.00983625
0.00981803
0.00999947
0.00984151
0.00984263
0.00983876
0.00983774
0.00984315
0.00984381
0.00984068
0.00983183
0.00983254
0.00984669
0.00985154
0.00990105
0.00983128
0.00984619
0.00983259
0.00981239
0.00983384
0.00982486
0.00983706
0.00984326
0.00985963
0.00985905
0.00984814
0.0098147
0.00984802
0.00984444
0.00984239
0.0098566
0.00983629
0.00989007
0.00984122
0.00985167
0.00984966
0.00983997
0.00982927
0.00990189
0.00998252
0.00980521
0.00984115
0.00985122
0.00987063
0.00983928
0.00985872
0.00985346
0.00984449
0.00983592
0.00984182
0.00982196
0.00984819
0.00985212
0.00991682
0.0098528
0.00985924
0.00981418
0.0098507
0.0098411
0.00985481
0.00983419
0.00984231
0.00985875
0.00999812
0.00986113
0.00999959
0.00985031
0.00984439
0.00985159
0.00985703
0.00984562
0.00985854
0.00984826
0.00984018
0.00985474
0.00983971
0.00984793
0.00985435
0.00985401
0.00985651
0.00984535
0.00985651
0.00985685
0.0098459
0.0098498
0.00983404
0.00984778
0.00983881
0.00981771
0.00984726
0.00982089
0.0103825
0.00983828
0.00984042
0.00984873
0.0098714
0.00984477
0.00984973
0.00988834
0.00985439
0.00984582
0.00984442
0.00981203
0.00984154
0.0099076
0.00985596
0.00983754
0.00988064
0.00985628
0.00984442
0.00985021
0.00984657
0.00994322
0.00984791
0.00985448
0.00984157
0.0098553
0.00987001
0.0125312
0.00993085
0.00983856
0.00986723
0.00985562
0.00988639
0.00985297
0.00986405
0.00984208
0.00983947
0.00986808
0.00985336
0.00984244
0.00985558
0.00984704
0.00984176
0.00983342
0.00985863
0.00985114
0.00986247
0.00984035
0.00985914
0.0098409
0.00986251
0.00984067
0.00998217
0.00984667
0.00985054
0.00984107
0.00984433
0.00985664
0.00984338
0.00993383
0.00985951
0.00985497
0.00983993
0.00983329
0.00984361
0.00984402
0.00984785
0.00985081
0.00984075
0.00984076
0.00983536
0.00983655
0.00984975
0.0098794
0.00997772
0.00988032
0.00987729
0.0098558
0.00986481
0.00988386
0.00990216
0.00988265
0.00988294
0.00988684
0.0098787
0.0098792
0.00987937
0.00988789
0.00993532
0.00987419
0.00986034
0.00987991
0.00987293
0.00988811
0.00989238
0.00987291
0.00987914
0.00987961
0.0100381
0.00987283
0.0098796
0.00987272
0.00986716
0.00988467
0.00987544
0.00986954
0.00989004
0.00988207
0.00987802
0.00988058
0.0100198
0.00988525
0.00988168
0.00986569
0.0098869
0.00988288
0.00988237
0.00988718
0.0100521
0.00987483
0.00989276
0.00988715
0.00988114
0.00990061
0.00993324
0.00990898
0.00987761
0.00989048
0.00987683
0.00988112
