0.00872477
0.00871184
0.00875812
0.00871449
0.00870604
0.0087674
0.00871838
0.0087289
0.00872034
0.00873082
0.00877757
0.0087178
0.00881989
0.00872756
0.00873006
0.0087296
0.00873192
0.00873022
0.00871928
0.00873594
0.00871276
0.00881373
0.00871885
0.0087132
0.00872083
0.00871769
0.0087187
0.00878277
0.00872111
0.00872179
0.00873253
0.00872071
0.00872416
0.00872887
0.00874385
0.00881878
0.00872874
0.00873169
0.00869999
0.00871618
0.00892189
0.00870975
0.00871092
0.00870881
0.00871206
0.00870996
0.00872217
0.00875926
0.00871584
0.00872062
0.00872099
0.00871164
0.0087705
0.00871249
0.00880201
0.00873645
0.0087217
0.00872129
0.00874714
0.00873972
0.00904076
0.0087243
0.00885131
0.00889208
0.00874467
0.008709
0.00872047
0.00872165
0.00871201
0.0087286
0.00870671
0.00872009
0.00871787
0.0087313
0.00871519
0.00871091
0.00873456
0.00879147
0.00873513
0.00873403
0.00873874
0.00873584
0.00872365
0.00872335
0.00872559
0.00881583
0.00873529
0.00872366
0.00873148
0.00872522
0.00872568
0.00871689
0.00954818
0.00880602
0.00872456
0.00884698
0.00872798
0.00873175
0.00873795
0.00873108
0.00873796
0.00873334
0.008747
0.00874324
0.00888252
0.00903934
0.00873249
0.00873095
0.00873752
0.00874426
0.008872
0.00872781
0.00872613
0.00873429
0.00872489
0.00870697
0.00871878
0.00875448
0.00860026
0.00868057
0.0086224
0.00859798
0.0086278
0.00861723
0.00859352
0.00860404
0.00866912
0.00859645
0.00868758
0.00862479
0.00859401
0.00862435
0.00860463
0.00862581
0.00868062
0.00861372
0.00859116
0.00862468
0.00861618
0.00860471
0.00861234
0.00860066
0.008601
0.00863021
0.0085874
0.00861584
0.00860014
0.00860628
0.00861115
0.00869928
0.00859664
0.00861506
0.00860683
0.0085996
0.00863901
0.00859545
0.00862618
0.00861711
0.00866664
0.00859592
0.00861818
0.0085914
0.00862063
0.00861843
0.00860536
0.00867611
0.0087199
0.0085998
0.00861559
0.00859285
0.00861083
0.00859987
0.00862937
0.0086623
0.0086362
0.00859397
0.00861791
0.00860836
0.00861469
0.00860908
0.00862484
0.00860072
0.00862145
0.00859489
0.00861948
0.00859831
0.00860653
0.00860435
0.00885047
0.00859981
0.00861562
0.00894275
0.0086092
0.00860448
0.00861165
0.00874105
0.00860415
0.00865683
0.00863808
0.00859304
0.00861276
0.00859748
0.00862903
0.0086133
0.00870607
0.0086875
0.00862516
0.00860048
0.00861277
0.00878949
0.00866683
0.00851185
0.00851626
0.00851323
0.00852117
0.00851169
0.00849129
0.00853266
0.00850393
0.00852463
0.00850642
0.00852297
0.00851754
0.0085257
0.00851746
0.00852729
0.00852391
0.00851569
0.00851984
0.00850945
0.00850898
0.00854031
0.00853991
0.00858227
0.00850099
0.00851471
0.00852177
0.00851653
0.00851864
0.00853356
0.00856232
0.00853061
0.00850391
0.00854179
0.00851962
0.00851508
0.00851375
0.00851242
0.00849997
0.00853695
0.00849756
0.00850121
0.00848701
0.00850463
0.00850514
0.00850627
0.00851357
0.00850882
0.00852725
0.0085033
0.00851073
0.00851923
0.0085011
0.00850773
0.00856337
0.0085098
0.00856654
0.00859577
0.00849779
0.00851261
0.00850949
0.00850723
0.00852069
0.0085189
0.00848874
0.00851361
0.00852109
0.00864822
0.00850482
0.00853125
0.00852347
0.0085161
0.00853056
0.00848875
0.00849121
0.00852982
0.00893828
0.00859705
0.00851737
0.00853295
0.00885276
0.00851423
0.00851648
0.00852646
0.00851906
0.0085866
0.00853774
0.00851501
0.00851489
0.00852163
0.00852219
0.00851044
0.00857593
0.00852955
0.00851416
0.00853936
0.00853447
0.00850585
0.00851769
0.00852224
0.00851226
0.00851788
0.00853005
0.00852136
0.00851302
0.00852211
0.00854552
0.00858105
0.0085208
0.00853003
0.00854812
0.00851762
0.00852127
0.00851834
0.00858745
0.00852085
0.00852085
0.00854067
0.00853371
0.00851219
0.00851884
0.00861996
0.0085191
0.00858045
0.00859431
0.00853063
0.00851133
0.00852714
0.00854318
0.00855953
0.00850982
0.00853262
0.00853998
0.00850939
0.00851838
0.00853703
0.0085772
0.00852197
0.00852517
0.00852845
0.00852436
0.00852655
0.00852204
0.00850798
0.0085317
0.00858898
0.00850141
0.00861562
0.00852113
0.00850611
0.00851696
0.00852273
0.0085171
0.00991448
0.0085842
0.00858101
0.00859646
0.0086006
0.00858811
0.00858058
0.00859124
0.00859564
0.00858094
0.00859684
0.00861219
0.00859824
0.00860342
0.00859555
0.00863483
0.00859338
0.00858556
0.00864003
0.00859965
0.0086021
0.0086055
0.00863555
0.00858338
0.00864169
0.0085986
0.00858437
0.00859058
0.00859174
0.00860952
0.00860364
0.00858507
0.00866829
0.00859659
0.00859305
0.0085811
0.00859611
0.00869053
0.00859647
0.00857666
0.00876562
0.00859958
0.00859113
0.00859094
0.00861281
0.00859348
0.00860577
0.00858785
0.00859554
0.0085938
0.00859796
0.00860641
0.00861679
0.00859514
0.00859891
0.00860297
0.00858784
0.00858607
0.00858368
0.00862104
0.0086021
0.00859511
0.0085958
0.00858865
0.00859763
0.00860154
0.00862429
0.0086421
0.00865826
0.00889794
0.00858885
0.00859323
0.00858909
0.00868295
0.00867285
0.008679
0.00866385
0.00867571
0.00868122
0.008661
0.00865984
0.00867959
0.00868825
0.00865781
0.0086717
0.00869282
0.00866306
0.0086556
0.00867412
0.00866786
0.00866752
0.00872208
0.00865631
0.0086732
0.00868885
0.00867297
0.00865556
0.0086806
0.00867906
0.00865205
0.00865844
0.00867205
0.00867829
0.00866364
0.00867412
0.0086812
0.00869061
0.00866612
0.00867306
0.00869616
0.00867655
0.00867206
0.00869069
0.00870178
0.00868754
0.00867304
0.00866142
0.00866735
0.00867601
0.00866953
0.00870667
0.0086736
0.00883439
0.00866663
0.00865354
0.00867479
0.00867339
0.00866237
0.00868913
0.00867726
0.00868057
0.00868537
0.00867815
0.00867627
0.00865875
0.0087023
0.00865787
0.00867918
0.00867059
0.00868197
0.00953248
0.00870722
0.00872291
0.00874295
0.00871671
0.00869714
0.00872835
0.00870819
0.00871432
0.00871061
0.00873166
0.00870069
0.00879286
0.00892118
0.00872544
0.00870244
0.00870789
0.00872835
0.00876597
0.00870484
0.00871392
0.00872274
0.00873107
0.00869747
0.00870996
0.00872097
0.00872509
0.00871072
0.00869994
0.00872275
0.00871919
0.00872136
0.00870164
0.00871128
0.0087365
0.00871303
0.00871995
0.00871537
0.00873282
0.00871114
0.00877186
0.00871211
0.00872386
0.0087484
0.00870083
0.00870883
0.0087252
0.00877748
0.00871276
0.00876743
0.00875683
0.00876687
0.00895388
0.00871703
0.00870938
0.00872469
0.0087398
0.00872717
0.00870756
0.00870465
0.00871308
0.00871702
0.00872726
0.00871519
0.00874239
0.0087289
0.00871456
0.00873565
0.0087684
0.00876393
0.00877616
0.00876022
0.00877241
0.00887412
0.00876098
0.00878126
0.00877263
0.00877295
0.00876339
0.00886504
0.00876842
0.00877339
0.00875333
0.0087578
0.00876736
0.00877552
0.00877432
0.00875869
0.00877072
0.00876896
0.00876289
0.00878388
0.00877837
0.00878459
0.00879427
0.00876736
0.00877359
0.00877668
0.00876108
0.00877999
0.00894253
0.00992338
0.00877407
0.00877112
0.00877302
0.00876761
0.00875795
0.0087715
0.0087837
0.00877064
0.00880703
0.00878101
0.00876972
0.00876893
0.0087657
0.00875684
0.00877857
0.00877669
0.00877055
0.00878042
0.00878122
0.00878178
0.00877314
0.00888758
0.00877136
0.00876553
0.00877106
0.00877439
0.00877397
0.0087905
0.00881968
0.00900285
0.00883798
0.00882452
0.00885404
0.0088315
0.00883174
0.00880723
0.00887469
0.00882767
0.00890338
0.00883353
0.00881563
0.00882705
0.00883675
0.00883096
0.00882525
0.00887995
0.00881971
0.00884145
0.00882364
0.00883344
0.00883653
0.00882756
0.00882788
0.00895491
0.00881018
0.008842
0.00881439
0.00881652
0.00881493
0.00882739
0.00885435
0.00882054
0.00882063
0.00883709
0.00883199
0.00883125
0.00881774
0.00884207
0.00882027
0.00891313
0.00883073
0.00882275
0.00882027
0.00882968
0.00881822
0.00887636
0.00880137
0.00882481
0.00883432
0.00883595
0.0088323
0.0088184
0.0088915
0.0088343
0.00882871
0.00883882
0.0088402
0.0088227
0.00886682
0.00887092
0.00886244
0.00887209
0.00885603
0.00886833
0.0088699
0.00887303
0.00888104
0.0088858
0.00887243
0.00902049
0.00886057
0.00885498
0.00886454
0.00888078
0.00884936
0.00886091
0.00885633
0.00894963
0.00884586
0.0088552
0.00886254
0.00887152
0.00892237
0.00885985
0.00886511
0.00887024
0.0088537
0.00885766
0.00886205
0.0088649
0.00887753
0.00886265
0.00884917
0.00887845
0.00887151
0.00888398
0.00885677
0.00888535
0.00887296
0.00886467
0.00885919
0.00885871
0.00886752
0.00884996
0.00898894
0.00884749
0.00885489
0.00886004
0.00885636
0.00887214
0.0088692
0.00889847
0.0088883
0.00905322
0.00905077
0.00885759
0.00974021
0.00889779
0.00891791
0.00892125
0.00892535
0.00890325
0.00890013
0.00891214
0.00890823
0.0089071
0.00890803
0.00889467
0.00890911
0.00890553
0.00899147
0.00890351
0.0089074
0.00890819
0.00909716
0.00890714
0.00898237
0.00890785
0.00890489
0.00893154
0.00891164
0.00890849
0.00890856
0.00893607
0.00891502
0.00890116
0.00890378
0.00889766
0.00891732
0.00891709
0.00889394
0.00891454
0.00891254
0.0089088
0.00890972
0.00889452
0.0089057
0.00889211
0.00895129
0.00891174
0.00890524
0.0089138
0.00890284
0.00891267
0.00889956
0.00900015
0.00890672
0.00889499
0.008904
0.00892628
0.00891662
0.0089034
0.00894697
0.0089947
0.00896053
0.0089381
0.00894275
0.00895479
0.00894355
0.00894297
0.00894309
0.00895195
0.00894888
0.00895149
0.00893506
0.00892013
0.00893154
0.00895534
0.00898544
0.0089482
0.008948
0.0089456
0.00893936
0.00912976
0.0089475
0.00899067
0.00895956
0.00895238
0.00896128
0.00894184
0.00893057
0.0089343
0.00897873
0.00894084
0.00893836
0.00895224
0.00895816
0.00893803
0.00893258
0.00894473
0.00895485
0.00895359
0.00894433
0.00894224
0.00895293
0.00895539
0.00895091
0.00892748
0.00893969
0.00898495
0.00896555
0.00897
0.00895116
0.00895112
0.00894014
0.00894787
0.00905929
0.00893483
0.00893596
0.00894464
0.00899849
0.00902356
0.00900265
0.00900786
0.00905172
0.00900374
0.00900632
0.00899152
0.0089919
0.00900012
0.00900705
0.00899854
0.00898805
0.00901158
0.00899697
0.00902332
0.00909302
0.009026
0.00900476
0.00903713
0.00901394
0.00901627
0.00900273
0.00899773
0.00900899
0.00900756
0.00902356
0.00902346
0.0090089
0.00900225
0.00901097
0.00900105
0.00899143
0.00905753
0.00899665
0.00900643
0.0090049
0.00901692
0.00901567
0.00901123
0.00901145
0.0090003
0.00900986
0.00901655
0.00900587
0.00900329
0.0090163
0.00899918
0.00904876
0.0092137
0.00900179
0.00900199
0.00900953
0.0090156
0.00901141
0.00909828
0.00899636
0.00900895
0.00902587
0.00904089
0.00903525
0.00900439
0.00902542
0.00908952
0.00901658
0.00905289
0.00924125
0.00903509
0.0090354
0.00903826
0.00903644
0.00904741
0.00902232
0.00903763
0.00904578
0.00903826
0.00903113
0.00901621
0.00913649
0.00903576
0.0090207
0.00903835
0.00902268
0.00905249
0.00902335
0.00903006
0.00903806
0.00907375
0.00903666
0.00907869
0.00901117
0.00902449
0.00904747
0.00901806
0.0090238
0.00902444
0.0091112
0.00906327
0.00901466
0.00902382
0.00904862
0.00904855
0.00905454
0.00922239
0.00904607
0.00905818
0.00904234
0.00901671
0.00903324
0.00909571
0.00905475
0.00902859
0.00902609
0.00901903
0.00906543
0.0090637
0.00904151
0.00915479
0.00906301
0.0090562
0.00904408
0.00906218
0.00906583
0.00906508
0.00903518
0.00906322
0.0090375
0.00923821
0.00905507
0.00923358
0.00903462
0.00905039
0.00905254
0.00904832
0.00905451
0.00904973
0.00907821
0.00905665
0.0090331
0.0090676
0.00905021
0.0090562
0.00903943
0.00903376
0.00904142
0.00905298
0.00906083
0.00904581
0.00905442
0.00905217
0.00904356
0.00905612
0.009067
0.00907579
0.00905195
0.00924417
0.00906036
0.00905905
0.00903935
0.00906843
0.00906332
0.00906869
0.00911821
0.00908115
0.00906318
0.00902816
0.00905214
0.00904195
0.00915096
0.00904229
0.00904678
0.00911289
0.00909883
0.00908908
0.00909606
0.00909286
0.00917719
0.00908084
0.00909686
0.00908296
0.00909506
0.009113
0.0117673
0.00917064
0.00907872
0.00909774
0.00909164
0.00912529
0.00908189
0.00909969
0.00908278
0.00906673
0.00910093
0.00908126
0.00908909
0.0091011
0.00908616
0.00907372
0.00907334
0.00909937
0.00908286
0.00909309
0.00908275
0.00906202
0.00909212
0.0091076
0.0090707
0.00920729
0.00908872
0.00909309
0.00908881
0.0090875
0.00909211
0.00908539
0.00910633
0.00909507
0.00906643
0.00907708
0.00906014
0.00908029
0.00909399
0.00909007
0.00907265
0.00908307
0.00908026
0.00908457
0.00906851
0.00908173
0.00911137
0.00922087
0.00912449
0.00910631
0.0090985
0.00911847
0.00913032
0.00912777
0.00911579
0.00911709
0.0091333
0.00911426
0.00912168
0.00911949
0.0091233
0.00917864
0.00910637
0.00910648
0.00911005
0.00911882
0.00912754
0.00913039
0.00911337
0.00912647
0.00911672
0.00928942
0.00911888
0.00912769
0.00910639
0.00910759
0.00912013
0.00912035
0.00911527
0.00912909
0.00912817
0.00911809
0.00912581
0.00925995
0.00912812
0.0091061
0.00910596
0.00913073
0.0091317
0.00912498
0.0091232
0.009281
0.00911648
0.0091387
0.00913242
0.00911809
0.00914595
0.00917705
0.00914481
0.00911926
0.00912438
0.00911826
0.0091301
